100	5	4000	19
0
32	46	22	96	61	
2	3	4	5	6	
189	8	16
122	48
1
36	11	36	4	82	
2	4	6	8	9	
266	9	18
61	40
2
58	10	79	29	26	
2	3	5	7	9	
397	7	14
299	9
3
31	62	46	4	60	
2	4	6	7	9	
443	8	16
283	83
4
48	39	96	34	19	
1	3	4	6	7	
561	7	14
250	257
5
57	55	51	1	94	
2	3	4	6	8	
608	8	16
122	221
6
36	91	63	35	51	
2	3	4	5	7	
615	7	14
279	181
7
91	75	98	35	87	
1	2	4	5	6	
678	7	14
1	194
8
38	92	78	30	65	
2	4	5	6	8	
801	6	12
242	230
9
41	79	1	68	77	
2	4	6	7	8	
832	8	16
176	21
10
24	3	72	48	36	
1	3	4	5	6	
863	10	20
153	297
11
87	74	7	66	50	
2	3	4	5	6	
981	6	12
110	221
12
75	93	92	50	43	
1	3	5	6	8	
1196	7	14
129	27
13
49	23	98	43	49	
2	4	5	6	8	
1292	5	10
188	104
14
64	94	91	41	9	
2	4	6	8	9	
1308	7	14
76	27
15
97	99	96	98	22	
2	4	6	7	8	
1333	9	18
173	278
16
50	42	77	31	60	
1	3	5	6	8	
1685	5	10
286	273
17
55	20	55	54	78	
1	3	4	5	6	
1788	6	12
274	255
18
54	20	86	94	25	
2	4	6	7	9	
1841	9	18
178	239
19
80	61	51	45	56	
1	2	4	6	7	
1869	7	14
179	264
20
22	78	55	91	55	
1	2	3	5	6	
1944	5	10
46	144
21
40	26	30	46	70	
2	3	4	6	7	
2072	5	10
94	197
22
17	61	75	29	80	
1	3	4	5	7	
2263	9	18
256	9
23
28	84	1	10	64	
1	2	3	4	5	
2345	7	14
95	175
24
17	64	55	68	53	
1	2	4	6	7	
2383	7	14
175	238
25
32	41	16	18	29	
1	2	3	4	5	
2385	7	14
63	111
26
95	86	95	26	66	
1	3	4	5	6	
2641	7	14
116	111
27
51	3	52	35	86	
1	2	4	5	7	
2796	7	14
219	143
28
55	1	69	87	63	
2	4	5	6	8	
2939	10	20
278	106
29
52	55	76	71	49	
2	4	5	6	7	
3035	9	18
197	22
30
76	96	69	10	60	
1	3	4	5	6	
3338	10	20
172	243
31
5	84	37	17	21	
2	4	5	6	7	
3419	9	18
232	79
32
58	93	69	14	67	
2	4	6	7	8	
3420	7	14
271	151
33
13	32	66	79	6	
1	2	4	5	6	
3488	9	18
69	290
34
81	80	94	76	84	
1	3	5	6	8	
3517	5	10
37	70
35
64	62	10	46	11	
1	2	3	4	5	
3534	10	20
238	260
36
56	72	34	52	100	
2	4	5	7	8	
3536	9	18
97	193
37
39	99	10	80	2	
1	3	4	5	6	
3661	7	14
233	73
38
79	84	84	4	11	
2	3	4	5	6	
3716	7	14
211	101
39
30	55	60	55	80	
1	2	3	5	6	
3819	9	18
221	195
40
3	12	90	13	23	
1	3	4	5	6	
3861	5	10
236	296
41
98	13	40	12	59	
2	3	5	6	8	
3908	9	18
58	60
42
60	26	80	97	22	
2	3	5	6	8	
4050	8	16
280	268
43
11	75	52	53	21	
2	4	5	7	8	
4055	7	14
191	113
44
88	60	74	6	90	
1	3	5	7	9	
4128	8	16
195	45
45
1	49	15	71	99	
2	3	4	6	8	
4153	8	16
142	289
46
2	60	51	63	9	
1	2	3	4	5	
4266	5	10
83	207
47
9	12	13	29	58	
2	3	5	6	8	
4317	8	16
153	286
48
85	29	64	27	46	
2	4	6	7	9	
4323	8	16
142	167
49
8	20	3	18	9	
2	4	5	6	7	
4342	5	10
78	172
50
85	93	11	27	2	
2	4	6	8	10	
4484	10	20
110	80
51
15	22	6	20	31	
2	4	6	7	9	
4658	10	20
45	240
52
65	73	96	63	3	
1	2	3	5	6	
4660	10	20
271	100
53
27	31	35	27	21	
2	4	5	6	7	
4863	6	12
121	199
54
51	56	65	15	32	
1	2	4	5	6	
4917	8	16
188	15
55
80	41	83	38	96	
2	3	5	7	9	
5004	5	10
164	216
56
18	71	66	72	19	
2	4	6	8	9	
5036	7	14
228	55
57
71	88	44	81	7	
2	3	5	6	8	
5130	6	12
190	230
58
28	30	18	65	72	
1	3	5	6	7	
5350	7	14
62	224
59
58	42	55	66	69	
2	4	5	7	8	
5539	7	14
47	66
60
2	92	45	18	19	
2	3	4	6	7	
5613	5	10
69	34
61
52	44	87	72	70	
1	2	3	4	6	
5652	5	10
164	119
62
7	1	95	86	5	
2	3	4	6	8	
5666	8	16
17	269
63
6	19	53	63	97	
1	2	3	4	5	
5677	5	10
202	148
64
40	83	3	9	49	
2	3	5	7	8	
5697	9	18
118	79
65
44	70	91	46	82	
1	2	3	5	6	
5711	6	12
63	45
66
54	19	31	72	58	
2	4	5	7	8	
5919	6	12
109	24
67
75	7	18	87	70	
2	3	5	6	8	
6048	10	20
74	192
68
53	4	1	57	96	
2	4	5	6	8	
6125	10	20
122	240
69
96	62	8	45	42	
1	3	5	7	8	
6229	7	14
34	45
70
76	54	65	55	33	
2	4	5	6	8	
6322	8	16
290	4
71
91	27	13	40	15	
1	3	5	7	8	
6512	6	12
295	283
72
2	76	9	18	97	
2	4	6	7	9	
6649	7	14
196	297
73
53	98	91	85	99	
1	2	4	6	7	
6771	9	18
153	279
74
84	37	92	56	46	
1	3	4	6	8	
6851	5	10
8	272
75
51	67	8	14	77	
1	3	4	5	6	
6866	9	18
12	54
76
89	47	94	72	70	
2	4	6	8	9	
6866	5	10
277	109
77
12	12	29	2	15	
1	3	4	6	8	
6888	6	12
183	253
78
73	98	41	2	21	
1	3	5	7	9	
7215	5	10
58	55
79
29	95	14	42	90	
1	3	5	7	9	
7440	6	12
17	51
80
58	47	71	75	91	
1	2	3	4	6	
7532	9	18
272	41
81
43	81	71	21	9	
2	3	5	6	8	
7729	10	20
20	108
82
30	66	4	45	36	
1	2	3	4	6	
7961	8	16
118	213
83
92	23	85	74	73	
2	3	5	6	7	
8048	6	12
35	145
84
46	90	38	67	46	
1	2	3	4	5	
8129	6	12
19	79
85
36	5	71	61	98	
1	2	3	5	7	
8332	10	20
140	97
86
100	73	24	21	88	
2	3	5	6	8	
8442	8	16
129	190
87
53	36	78	5	33	
1	2	4	5	7	
8601	8	16
154	40
88
86	98	6	69	15	
1	3	5	6	8	
8749	8	16
72	224
89
49	40	10	51	81	
1	3	5	6	7	
8835	10	20
257	228
90
66	4	16	7	6	
2	3	5	6	8	
8893	9	18
103	11
91
3	63	52	2	50	
1	2	4	6	8	
9215	7	14
202	296
92
69	79	12	58	58	
1	3	5	6	7	
9432	7	14
152	56
93
94	48	36	67	56	
1	3	5	7	9	
9538	10	20
219	194
94
22	38	83	6	85	
2	4	5	7	8	
9593	10	20
228	177
95
89	18	99	7	57	
2	3	5	7	8	
9695	6	12
66	115
96
2	73	88	52	38	
2	3	5	7	8	
9775	8	16
106	189
97
61	29	59	21	93	
1	2	3	5	7	
9795	5	10
246	83
98
28	29	58	54	52	
2	4	5	6	7	
9797	5	10
300	6
99
94	96	79	36	8	
1	3	4	6	8	
9949	7	14
273	173
7	13
267	5