100	5	4000	10
0
49	98	75	6	34	
1	2	3	4	5	
65	6	12
156	129
1
2	27	74	4	27	
1	3	4	6	7	
98	9	18
238	248
2
25	79	53	36	56	
2	4	6	7	8	
315	8	16
261	57
3
62	49	40	78	95	
1	2	4	6	8	
404	7	14
60	130
4
11	93	32	50	90	
1	3	4	5	7	
433	8	16
298	40
5
45	41	71	70	52	
1	2	3	5	7	
469	10	20
244	271
6
85	97	23	80	68	
1	2	4	5	6	
482	8	16
65	144
7
39	63	12	51	39	
2	3	5	7	9	
484	10	20
277	104
8
27	11	63	27	5	
1	3	5	7	8	
516	10	20
177	72
9
85	15	68	33	42	
1	2	3	4	6	
736	5	10
94	153
10
86	95	13	69	56	
1	2	3	4	5	
893	7	14
274	23
11
74	15	45	62	38	
2	4	5	6	8	
939	8	16
198	44
12
89	100	59	36	74	
2	3	5	7	8	
988	9	18
75	282
13
76	10	76	79	93	
1	3	4	6	8	
1196	9	18
60	156
14
2	96	91	24	25	
2	3	4	5	6	
1205	7	14
194	68
15
34	50	85	90	46	
2	3	5	7	9	
1217	8	16
107	116
16
30	13	26	35	75	
2	4	5	6	7	
1241	6	12
92	240
17
18	37	25	7	6	
2	3	5	6	8	
2156	6	12
230	50
18
83	33	46	68	25	
1	2	4	6	8	
2266	6	12
250	257
19
75	39	93	73	81	
1	3	5	7	8	
2334	10	20
143	248
20
35	21	51	30	85	
1	2	3	5	6	
2397	10	20
20	250
21
75	93	56	13	31	
2	4	5	6	7	
2568	6	12
251	152
22
92	44	93	27	25	
2	4	6	7	8	
2570	9	18
217	170
23
86	82	17	76	48	
2	3	4	6	7	
2571	8	16
28	177
24
54	61	78	8	17	
1	2	4	5	7	
2592	8	16
270	162
25
94	26	39	36	27	
1	2	3	4	6	
2781	7	14
184	164
26
80	38	72	50	75	
1	2	4	6	7	
2815	7	14
54	121
27
57	13	46	46	96	
1	3	5	7	8	
2904	6	12
212	64
28
3	68	100	72	92	
1	3	5	6	7	
2953	9	18
185	170
29
74	66	4	83	18	
2	3	5	6	8	
3272	7	14
214	52
30
68	69	50	88	25	
1	2	4	5	6	
3290	6	12
215	263
31
2	45	60	21	89	
1	3	5	6	8	
3314	9	18
271	159
32
3	65	85	70	96	
2	3	5	7	8	
3427	5	10
161	72
33
87	83	84	88	51	
2	4	5	6	7	
3451	10	20
254	14
34
40	31	34	54	98	
1	3	4	5	7	
3469	8	16
71	1
35
9	31	86	5	63	
2	4	6	8	9	
3715	10	20
32	222
36
29	54	96	91	6	
2	3	5	7	8	
4048	6	12
248	41
37
80	60	44	63	70	
1	2	4	6	8	
4241	8	16
48	149
38
75	19	39	79	27	
2	3	4	6	8	
4270	8	16
121	247
39
42	63	35	96	50	
2	3	4	6	8	
4294	6	12
214	82
40
40	64	29	96	43	
2	3	5	7	9	
4336	9	18
224	45
41
23	98	83	25	17	
1	2	3	4	5	
4408	6	12
51	125
42
82	31	70	5	59	
1	3	4	6	8	
4463	10	20
233	18
43
56	51	41	48	92	
1	3	4	5	7	
4474	5	10
121	242
44
52	22	64	30	51	
1	3	4	6	8	
4585	6	12
170	154
45
75	4	100	12	35	
1	3	4	5	7	
4920	6	12
206	158
46
35	86	43	96	100	
2	4	5	7	8	
4922	5	10
72	299
47
19	20	76	9	9	
1	3	4	6	7	
4940	10	20
87	47
48
38	32	51	41	20	
1	3	4	5	6	
5045	8	16
237	295
49
34	20	57	21	11	
1	3	4	6	7	
5290	5	10
242	25
50
23	4	87	8	72	
2	4	5	7	9	
5380	9	18
187	163
51
50	32	29	49	33	
1	2	3	5	6	
5489	9	18
170	144
52
55	20	51	50	96	
2	3	4	5	6	
5515	7	14
40	187
53
93	13	82	86	62	
1	2	3	5	6	
5625	10	20
222	267
54
20	13	50	93	11	
1	3	4	5	6	
5669	9	18
288	265
55
86	76	62	78	80	
1	3	5	7	9	
5717	6	12
155	224
56
19	38	75	61	56	
1	2	4	6	7	
5756	7	14
175	269
57
11	24	68	77	66	
2	4	5	6	7	
5776	8	16
232	110
58
2	69	26	76	10	
2	4	5	6	7	
5820	6	12
38	17
59
6	54	59	33	5	
1	3	4	6	8	
5826	6	12
193	201
60
6	34	7	45	11	
2	3	5	7	8	
5857	9	18
297	238
61
56	9	50	51	38	
1	2	4	6	8	
5910	9	18
148	0
62
19	39	98	14	91	
1	2	3	5	7	
5916	10	20
260	165
63
28	38	75	59	35	
2	3	4	6	7	
5934	9	18
271	46
64
53	94	66	54	77	
1	2	4	6	8	
6442	10	20
2	182
65
59	35	40	93	12	
2	4	6	7	9	
6783	6	12
224	107
66
78	79	45	21	51	
2	4	6	8	10	
6805	6	12
223	12
67
70	76	14	66	58	
1	3	5	6	8	
7194	7	14
189	63
68
54	84	65	54	74	
2	4	6	7	9	
7283	7	14
228	47
69
40	74	21	70	86	
1	3	5	7	9	
7390	7	14
76	248
70
46	12	98	40	13	
2	4	6	7	9	
7456	8	16
64	171
71
70	93	98	30	84	
1	3	4	5	6	
7471	7	14
175	213
72
46	67	53	94	62	
1	3	5	6	7	
7596	6	12
259	57
73
67	75	33	73	26	
2	3	5	6	7	
7672	10	20
211	270
74
8	23	83	93	56	
2	4	5	6	8	
7685	5	10
46	119
75
97	18	13	72	85	
2	4	6	7	8	
7740	7	14
171	299
76
79	42	49	80	86	
2	4	6	8	10	
7936	5	10
127	37
77
46	83	88	77	18	
1	3	4	5	7	
7960	9	18
65	60
78
3	92	34	16	8	
1	2	4	5	6	
7966	6	12
73	271
79
61	78	4	24	31	
2	4	6	7	8	
7994	10	20
235	229
80
83	76	50	3	91	
2	4	5	6	8	
8037	10	20
47	54
81
45	30	57	63	65	
2	4	5	7	8	
8074	5	10
59	38
82
96	32	11	28	3	
1	2	3	5	6	
8452	10	20
292	70
83
9	83	63	86	31	
2	4	6	7	9	
8550	6	12
237	8
84
2	10	10	65	39	
1	3	5	7	9	
8617	8	16
104	256
85
78	43	100	84	31	
2	3	4	5	7	
8699	7	14
269	240
86
78	25	60	76	90	
1	3	4	6	8	
8705	10	20
159	106
87
14	94	76	97	64	
2	3	5	6	8	
8822	8	16
48	121
88
20	82	37	53	6	
1	2	3	5	7	
8988	6	12
213	84
89
5	21	6	26	9	
1	2	4	5	6	
9065	9	18
90	272
90
44	95	11	37	71	
1	2	3	4	6	
9082	5	10
2	139
91
100	95	2	50	72	
1	2	4	6	7	
9232	9	18
90	16
92
1	26	16	68	29	
1	3	5	7	8	
9293	10	20
299	168
93
21	22	22	19	39	
1	3	4	6	8	
9318	7	14
77	206
94
67	84	20	93	83	
2	3	4	5	6	
9440	7	14
26	30
95
80	59	67	93	79	
1	3	4	6	8	
9543	6	12
67	165
96
92	2	25	6	32	
1	2	4	6	8	
9651	8	16
197	119
97
44	47	33	9	93	
1	3	4	5	7	
9878	9	18
190	154
98
48	67	47	11	85	
2	4	6	8	10	
9926	5	10
13	201
99
25	33	20	64	100	
2	3	4	5	6	
9964	7	14
272	129
294	295
109	149