100	5	4000	11
0
31	78	71	50	25	
2	3	5	6	7	
197	9	18
279	2
1
69	82	3	78	99	
1	3	4	5	6	
209	8	16
124	79
2
83	14	32	3	13	
1	2	3	5	6	
419	9	18
62	155
3
92	60	78	5	74	
2	3	4	5	6	
606	5	10
28	85
4
9	34	93	76	10	
1	2	4	6	8	
730	7	14
203	173
5
79	19	26	32	5	
1	3	4	5	7	
876	6	12
254	228
6
91	93	92	92	73	
1	3	5	7	8	
1137	7	14
237	110
7
19	63	31	4	23	
1	3	5	7	8	
1181	9	18
170	219
8
33	30	29	15	23	
2	4	6	7	8	
1237	10	20
183	189
9
90	86	31	76	94	
1	3	4	6	8	
1389	7	14
19	197
10
23	100	98	2	53	
1	3	5	6	7	
1478	6	12
2	113
11
45	1	85	91	65	
2	3	5	6	7	
1519	10	20
211	260
12
78	37	91	80	14	
2	4	5	6	7	
1761	5	10
165	50
13
67	85	45	51	26	
1	2	4	6	7	
1775	8	16
37	282
14
36	79	20	38	96	
2	3	4	5	6	
2013	10	20
191	285
15
98	78	4	79	72	
1	2	4	6	7	
2016	7	14
48	107
16
19	54	40	51	18	
2	4	5	6	7	
2134	5	10
196	298
17
87	19	24	76	88	
1	2	3	4	6	
2135	9	18
143	130
18
69	16	24	33	6	
1	2	3	4	5	
2159	5	10
105	250
19
53	37	73	80	89	
1	3	5	6	8	
2186	8	16
41	125
20
41	26	39	68	29	
2	4	6	8	10	
2436	5	10
278	97
21
68	21	72	7	40	
1	2	3	4	5	
2493	10	20
38	12
22
56	42	35	94	42	
2	4	6	7	8	
2571	6	12
16	11
23
19	63	91	97	57	
1	3	5	7	9	
2652	7	14
65	25
24
31	13	62	40	56	
2	4	5	7	9	
2699	10	20
223	255
25
95	5	49	87	49	
1	2	3	4	5	
2823	8	16
175	120
26
61	73	45	4	77	
2	4	6	7	8	
2859	6	12
57	223
27
47	50	90	37	50	
1	3	4	5	7	
2907	10	20
65	189
28
65	76	21	20	52	
2	4	6	8	9	
2986	10	20
132	136
29
76	25	1	34	28	
2	3	4	6	7	
3060	9	18
48	47
30
33	22	71	32	32	
2	4	5	7	8	
3062	10	20
47	223
31
86	25	37	86	89	
2	3	4	6	8	
3110	9	18
276	127
32
38	84	3	77	44	
2	3	4	6	8	
3311	5	10
295	23
33
25	31	88	27	44	
2	4	6	7	8	
3339	9	18
175	134
34
77	50	88	68	40	
1	3	5	6	7	
3365	8	16
300	292
35
30	8	93	14	96	
2	3	5	7	9	
3497	5	10
80	48
36
14	23	50	93	53	
2	4	5	6	7	
3509	5	10
149	193
37
65	63	40	5	38	
1	2	3	4	5	
3596	6	12
183	214
38
71	84	94	38	99	
2	4	6	8	10	
3674	9	18
65	232
39
10	89	83	72	15	
1	3	4	5	7	
3812	7	14
183	299
40
92	90	54	85	13	
2	3	5	6	8	
3829	5	10
210	20
41
57	35	24	46	6	
2	3	5	7	9	
3918	7	14
229	168
42
57	78	90	12	8	
1	2	3	4	5	
4073	8	16
113	209
43
41	68	13	53	30	
2	4	6	7	8	
4100	7	14
142	90
44
66	41	68	34	82	
1	2	3	5	6	
4121	6	12
145	126
45
39	8	100	82	83	
1	3	5	6	8	
4219	10	20
173	115
46
1	98	51	82	5	
2	4	6	8	9	
4451	9	18
102	183
47
16	65	6	82	75	
2	4	5	6	7	
4565	8	16
42	71
48
31	46	24	11	8	
2	4	5	6	7	
4612	8	16
83	274
49
75	51	75	65	4	
2	4	5	6	8	
4613	6	12
249	104
50
77	95	9	47	93	
2	4	6	8	9	
4662	6	12
293	189
51
94	18	42	59	23	
1	3	4	5	6	
4692	7	14
37	112
52
70	83	60	66	25	
2	4	5	7	9	
4753	10	20
220	82
53
64	11	57	97	58	
2	4	6	8	9	
4956	10	20
80	47
54
47	77	87	41	70	
2	4	5	7	8	
5035	10	20
254	110
55
11	93	49	86	81	
2	3	4	6	7	
5074	5	10
25	94
56
44	22	69	50	38	
1	2	3	4	6	
5092	10	20
245	290
57
31	72	61	4	60	
2	4	5	6	7	
5162	7	14
166	220
58
12	84	88	50	77	
1	2	3	5	7	
5347	7	14
229	16
59
96	52	16	97	28	
2	4	5	7	9	
5364	8	16
74	43
60
81	34	73	45	9	
2	4	5	6	8	
5398	6	12
6	125
61
12	55	65	93	49	
1	2	4	6	8	
5446	5	10
249	162
62
43	47	47	71	65	
1	3	5	6	8	
5478	8	16
207	84
63
39	81	12	19	33	
1	2	4	6	7	
5709	7	14
170	170
64
57	100	26	75	56	
1	2	4	5	6	
5797	6	12
61	151
65
29	43	36	4	75	
1	2	4	6	8	
5949	6	12
96	118
66
84	19	71	22	34	
2	4	6	7	9	
5984	6	12
166	1
67
64	97	72	94	43	
2	3	4	6	7	
6047	5	10
11	3
68
55	50	23	36	36	
2	4	5	7	8	
6216	8	16
217	279
69
1	15	93	18	42	
2	3	5	6	7	
6602	5	10
261	250
70
92	40	11	99	82	
1	3	5	6	8	
6654	7	14
109	79
71
74	89	63	80	42	
2	3	4	5	7	
6862	6	12
28	70
72
93	16	50	30	47	
2	3	4	5	6	
6926	10	20
109	28
73
20	58	37	14	14	
1	2	4	5	7	
7025	9	18
168	124
74
40	14	46	51	18	
1	2	3	4	5	
7040	7	14
120	176
75
85	51	78	13	90	
2	3	4	5	6	
7387	7	14
24	296
76
70	85	41	12	100	
1	2	3	5	6	
7641	9	18
130	22
77
100	45	25	30	46	
1	3	5	7	8	
7699	9	18
93	193
78
50	5	32	76	13	
1	3	5	7	8	
7865	9	18
291	67
79
88	82	56	86	68	
1	3	4	6	8	
8163	10	20
142	253
80
68	40	7	41	37	
2	3	4	6	8	
8254	6	12
150	282
81
13	16	6	26	62	
2	4	6	7	8	
8507	9	18
123	184
82
19	35	31	13	21	
2	3	5	6	7	
8520	10	20
54	186
83
15	85	66	71	50	
2	4	5	6	7	
8639	9	18
175	40
84
15	5	53	19	44	
1	3	4	5	6	
8690	6	12
257	25
85
91	73	100	90	65	
1	2	4	5	7	
8811	10	20
138	72
86
43	11	91	10	74	
2	4	5	6	7	
8832	10	20
286	112
87
85	36	14	95	72	
1	3	4	6	7	
8868	6	12
10	266
88
63	32	73	8	92	
2	4	5	7	9	
8871	8	16
51	127
89
45	90	54	93	84	
2	4	5	6	8	
8907	9	18
215	193
90
45	60	57	77	90	
1	3	4	5	7	
8934	5	10
198	63
91
34	22	54	24	24	
1	2	3	4	6	
9533	5	10
2	207
92
79	69	10	4	93	
2	3	5	7	9	
9534	8	16
145	293
93
86	51	39	75	43	
2	3	5	7	9	
9564	5	10
203	120
94
5	57	86	95	26	
2	3	5	7	9	
9585	8	16
232	17
95
62	59	59	87	42	
2	3	4	6	7	
9669	10	20
237	217
96
32	62	38	66	35	
1	3	5	7	8	
9713	5	10
173	27
97
2	80	50	55	29	
1	3	4	6	8	
9815	7	14
169	208
98
17	35	64	5	15	
2	4	6	7	8	
9852	10	20
215	282
99
55	55	47	84	48	
1	3	4	5	6	
9972	5	10
270	49
172	245
31	196