100	5	4000	8
0
73	95	25	44	12	
2	3	5	7	8	
85	7	14
203	253
1
46	58	10	34	84	
2	4	6	7	8	
185	7	14
258	184
2
42	48	52	99	30	
2	4	6	7	8	
359	6	12
192	227
3
89	89	76	37	72	
1	3	5	6	8	
380	9	18
247	204
4
42	6	95	38	11	
1	2	4	6	8	
549	5	10
1	24
5
82	25	28	42	41	
2	4	5	6	8	
557	9	18
273	126
6
49	25	38	35	76	
1	2	3	5	6	
589	5	10
36	116
7
63	6	50	87	43	
1	3	5	6	7	
755	6	12
244	297
8
80	99	28	42	9	
1	3	5	6	8	
1030	10	20
200	136
9
4	29	61	20	41	
1	2	3	4	6	
1085	6	12
217	195
10
34	65	27	65	42	
2	3	5	7	9	
1086	6	12
32	186
11
2	40	43	1	70	
2	4	6	8	9	
1216	6	12
179	122
12
68	73	15	51	7	
2	3	5	7	8	
1312	10	20
84	139
13
36	39	21	100	99	
1	2	3	5	6	
1593	6	12
73	116
14
63	74	12	20	40	
2	4	5	7	8	
1682	7	14
5	16
15
87	10	66	63	80	
2	4	6	7	9	
1691	10	20
49	165
16
15	31	98	1	90	
2	4	5	6	7	
1729	6	12
205	115
17
16	17	36	41	96	
1	2	4	6	8	
1790	9	18
110	23
18
39	8	81	99	86	
1	3	5	7	8	
2135	10	20
18	98
19
26	69	47	95	59	
2	3	5	7	9	
2207	6	12
197	203
20
94	14	91	96	61	
2	3	4	6	8	
2258	6	12
261	86
21
56	29	42	86	82	
2	4	6	7	9	
2359	7	14
141	133
22
91	37	63	30	64	
1	2	3	4	6	
2469	7	14
156	193
23
58	28	23	32	22	
2	3	5	7	8	
2627	5	10
200	11
24
74	1	23	92	2	
1	3	4	6	8	
2769	6	12
184	10
25
19	5	78	32	76	
1	2	3	4	5	
2783	8	16
297	156
26
28	31	80	68	11	
1	3	4	6	8	
2789	5	10
106	136
27
18	64	17	11	24	
1	3	5	7	9	
2970	7	14
107	291
28
30	91	27	62	28	
1	2	4	6	7	
3109	8	16
106	82
29
39	15	45	58	100	
2	3	4	5	6	
3132	8	16
272	171
30
60	22	38	37	79	
1	2	4	5	7	
3152	10	20
63	92
31
82	88	18	66	55	
1	3	5	6	8	
3247	5	10
39	48
32
5	12	93	51	18	
1	3	5	6	8	
3296	10	20
187	179
33
82	11	11	93	100	
2	4	5	7	8	
3376	9	18
52	223
34
83	87	28	3	94	
1	3	4	5	6	
3406	10	20
10	182
35
52	45	59	7	80	
1	2	3	4	5	
3427	9	18
225	288
36
1	3	60	79	100	
2	4	5	7	9	
3587	6	12
280	98
37
76	88	6	72	47	
1	2	4	6	7	
3619	10	20
286	243
38
7	58	72	13	21	
1	3	5	7	9	
3708	5	10
276	257
39
4	50	79	17	22	
1	2	3	4	6	
3761	8	16
278	176
40
81	52	20	26	8	
1	3	4	6	7	
3801	6	12
287	65
41
3	80	15	3	67	
1	2	4	5	7	
3834	9	18
47	278
42
65	48	29	76	49	
1	3	4	6	8	
3883	6	12
39	121
43
88	55	4	42	66	
1	3	4	6	7	
4033	9	18
238	282
44
4	41	86	4	19	
1	2	4	5	7	
4048	7	14
149	212
45
58	6	94	50	75	
1	3	4	6	7	
4110	8	16
49	169
46
3	35	95	95	95	
1	2	4	6	7	
4169	5	10
200	223
47
60	87	86	65	31	
2	4	5	7	8	
4176	10	20
165	290
48
55	71	70	29	46	
2	3	5	7	9	
4306	7	14
284	54
49
8	65	54	78	48	
2	4	6	8	9	
4362	8	16
122	158
50
58	3	86	93	83	
1	2	3	4	5	
4509	6	12
178	227
51
1	45	49	64	6	
1	2	4	6	8	
4573	9	18
178	37
52
53	47	40	38	100	
1	2	3	4	5	
4617	10	20
235	58
53
28	93	88	46	42	
1	2	3	4	6	
4654	7	14
33	113
54
92	57	55	37	87	
1	3	5	7	9	
4719	9	18
238	223
55
62	25	22	90	60	
2	3	4	6	7	
4889	7	14
115	126
56
22	64	61	15	28	
2	3	4	5	6	
4917	7	14
203	13
57
69	59	53	41	11	
2	4	5	7	8	
4958	5	10
24	79
58
62	93	95	9	55	
1	3	4	6	8	
5011	10	20
75	160
59
36	30	71	23	71	
1	2	3	4	5	
5210	5	10
105	56
60
8	25	37	7	15	
1	2	3	5	7	
5315	10	20
282	161
61
49	49	53	89	54	
2	4	5	7	9	
5412	8	16
68	59
62
95	28	90	87	46	
2	3	4	6	7	
5636	6	12
226	74
63
53	3	6	57	13	
1	3	5	6	7	
5747	9	18
110	73
64
34	85	76	82	24	
2	3	5	7	8	
5753	9	18
264	161
65
48	19	54	45	92	
2	3	5	6	7	
5777	6	12
258	278
66
27	48	17	22	57	
1	3	5	7	8	
5781	6	12
15	210
67
1	37	71	14	17	
2	3	5	7	9	
5784	8	16
280	247
68
22	38	33	6	15	
1	2	4	6	8	
5817	5	10
72	50
69
29	48	33	37	51	
1	2	4	5	7	
6161	5	10
199	68
70
38	62	93	76	31	
1	3	4	6	8	
6207	8	16
5	162
71
61	44	83	88	55	
1	3	4	5	7	
6211	8	16
160	120
72
75	46	56	18	13	
1	3	5	6	8	
6253	7	14
175	182
73
13	40	2	6	64	
2	3	4	6	7	
6354	8	16
143	283
74
44	39	95	74	38	
1	2	4	5	7	
6402	5	10
132	269
75
54	91	34	99	10	
2	4	5	6	7	
7214	9	18
104	203
76
20	24	11	85	68	
1	3	4	5	7	
7280	9	18
95	168
77
21	96	12	12	61	
2	4	6	8	9	
7307	8	16
265	204
78
85	43	55	28	36	
1	2	4	6	8	
7324	7	14
166	154
79
14	32	94	53	7	
2	3	4	6	8	
7567	10	20
124	256
80
99	43	48	29	12	
1	2	4	6	8	
7604	6	12
291	116
81
7	75	97	48	6	
2	4	5	6	7	
7827	9	18
154	277
82
71	40	50	96	13	
2	3	5	7	8	
7884	9	18
243	182
83
47	66	87	83	11	
1	3	5	6	7	
7932	7	14
133	190
84
22	63	49	15	75	
1	3	5	7	8	
7956	7	14
125	182
85
58	4	21	53	33	
2	3	4	6	7	
8018	9	18
269	106
86
11	66	41	32	33	
1	2	3	4	5	
8098	10	20
120	154
87
10	62	77	20	58	
2	4	6	7	9	
8441	8	16
128	8
88
34	47	47	74	14	
2	4	6	7	9	
8520	9	18
236	15
89
25	83	28	17	18	
1	3	4	5	7	
8560	10	20
236	84
90
11	50	62	94	74	
2	3	5	7	8	
8712	8	16
287	73
91
68	80	3	28	5	
1	3	4	5	7	
8812	6	12
120	131
92
67	83	43	86	53	
1	2	4	6	8	
9005	9	18
133	8
93
99	95	44	7	79	
1	3	5	7	9	
9082	10	20
263	164
94
31	2	60	47	30	
1	2	4	6	8	
9147	9	18
88	174
95
65	33	54	93	58	
1	3	5	7	9	
9148	10	20
167	201
96
53	8	67	12	21	
1	3	4	5	7	
9260	10	20
257	237
97
83	43	63	87	24	
2	3	4	5	7	
9533	7	14
254	240
98
92	86	41	11	63	
1	3	4	5	7	
9924	9	18
37	179
99
9	88	20	46	82	
1	2	3	5	6	
9964	5	10
279	169
96	179
112	13