100	5	4000	14
0
66	85	95	22	32	
2	4	6	7	9	
129	7	14
78	298
1
58	45	35	7	64	
1	2	4	6	7	
194	10	20
168	297
2
14	12	10	72	53	
1	2	4	6	7	
252	7	14
267	217
3
57	12	84	9	97	
1	3	5	6	7	
399	9	18
137	235
4
53	86	20	52	53	
2	3	5	6	7	
468	10	20
151	221
5
57	69	22	78	44	
1	3	5	6	8	
620	10	20
126	25
6
65	21	7	59	41	
1	3	5	6	7	
636	10	20
147	234
7
65	96	12	58	44	
1	2	4	5	7	
734	7	14
237	198
8
36	44	78	1	54	
1	2	3	4	5	
776	9	18
245	185
9
14	91	46	42	26	
1	2	4	5	7	
902	10	20
261	172
10
66	52	12	90	17	
1	2	4	5	7	
1031	5	10
162	92
11
5	27	48	15	51	
2	4	6	7	9	
1037	9	18
262	287
12
26	44	88	28	87	
2	3	4	5	7	
1187	6	12
127	262
13
87	42	25	3	76	
2	3	4	6	7	
1250	9	18
145	164
14
45	49	18	89	16	
1	2	4	5	6	
1283	6	12
237	2
15
43	32	92	9	75	
2	4	6	8	9	
1309	10	20
295	175
16
5	81	98	18	40	
2	3	5	7	8	
1347	9	18
199	72
17
46	16	43	38	56	
2	4	6	8	9	
1450	9	18
80	280
18
66	48	96	50	24	
2	4	5	7	8	
1514	8	16
191	16
19
88	71	25	9	48	
1	2	4	6	8	
1528	8	16
229	20
20
15	17	50	30	29	
1	2	4	5	7	
1535	9	18
199	89
21
14	88	5	38	9	
2	4	5	6	7	
1560	8	16
156	83
22
68	93	90	95	4	
2	3	4	6	8	
1661	8	16
192	276
23
46	9	23	81	85	
1	3	5	6	7	
1871	7	14
169	174
24
62	28	70	30	100	
1	3	4	6	8	
1927	7	14
245	114
25
77	22	34	50	77	
2	3	5	7	9	
2092	6	12
234	167
26
47	46	63	12	78	
1	3	5	6	7	
2389	9	18
191	255
27
5	50	1	39	42	
1	3	5	6	7	
2419	9	18
111	133
28
27	56	74	97	56	
2	3	4	5	7	
2463	5	10
54	154
29
39	8	48	98	94	
1	3	5	7	8	
2661	6	12
58	192
30
85	11	3	35	21	
2	3	4	5	6	
2793	5	10
24	117
31
26	95	91	61	35	
1	3	4	6	8	
2801	10	20
173	232
32
21	17	49	34	88	
1	2	4	5	6	
2808	6	12
69	190
33
65	37	9	15	8	
1	3	5	7	8	
2820	6	12
287	114
34
52	19	15	60	99	
2	3	4	6	8	
2955	7	14
231	139
35
67	8	73	6	15	
1	3	4	6	8	
2980	9	18
212	17
36
18	74	31	25	89	
2	4	5	7	9	
3170	7	14
209	148
37
39	80	45	85	77	
1	3	5	7	9	
3257	8	16
164	21
38
75	58	59	3	78	
2	3	5	6	8	
3308	9	18
103	265
39
24	64	52	10	10	
2	4	5	6	8	
3333	9	18
74	60
40
99	46	43	18	29	
1	3	5	7	8	
3631	7	14
101	34
41
25	63	62	74	14	
1	2	4	6	7	
3713	8	16
163	180
42
37	69	66	23	33	
1	2	3	5	6	
3853	10	20
292	134
43
9	30	91	39	40	
2	4	6	8	9	
3854	10	20
99	176
44
99	78	43	91	94	
2	4	6	8	9	
4001	8	16
185	67
45
32	45	47	22	67	
2	3	4	6	8	
4013	10	20
96	9
46
2	77	7	94	99	
1	3	5	7	9	
4082	6	12
79	131
47
14	84	76	89	53	
2	3	5	6	8	
4083	9	18
275	22
48
87	81	88	33	33	
2	4	5	6	8	
4189	5	10
183	285
49
60	89	13	39	29	
1	3	5	6	7	
4238	7	14
182	219
50
98	35	90	13	40	
1	3	4	6	7	
4282	9	18
147	238
51
89	100	62	51	10	
1	3	5	6	8	
4298	5	10
42	270
52
91	77	53	87	77	
1	2	4	5	7	
4430	8	16
260	228
53
29	46	13	87	40	
1	3	4	6	8	
4458	8	16
169	36
54
35	62	37	55	43	
2	4	6	7	9	
4589	6	12
207	87
55
39	75	63	72	45	
1	2	4	5	6	
4685	7	14
127	58
56
52	12	98	4	3	
2	3	4	6	8	
4774	9	18
20	182
57
16	32	8	83	73	
1	3	5	6	7	
4856	8	16
111	8
58
36	47	43	53	61	
2	4	6	7	9	
4858	9	18
196	113
59
96	30	95	38	13	
1	3	5	7	8	
4898	8	16
104	278
60
23	47	58	87	13	
1	3	4	5	6	
4918	5	10
104	251
61
84	90	30	64	12	
1	3	5	7	9	
4940	5	10
241	193
62
63	15	94	25	70	
1	3	5	7	9	
5002	9	18
212	235
63
86	93	34	92	74	
2	3	5	6	8	
5361	10	20
190	71
64
50	62	29	16	8	
2	4	5	7	9	
5413	7	14
197	92
65
68	50	37	30	29	
2	4	6	8	9	
5556	6	12
218	217
66
88	24	99	31	97	
2	3	4	6	8	
6031	6	12
123	180
67
15	51	15	73	58	
1	2	4	5	6	
6324	8	16
179	213
68
29	95	92	75	47	
1	2	4	6	7	
6363	7	14
65	228
69
26	46	100	62	30	
1	2	4	5	6	
6758	7	14
299	126
70
89	49	72	65	55	
1	2	4	5	6	
6780	7	14
280	254
71
7	22	90	9	31	
1	3	5	7	9	
6851	5	10
263	211
72
60	88	66	84	16	
1	3	4	5	6	
6901	9	18
274	30
73
69	95	55	61	18	
2	4	6	7	9	
7071	9	18
98	59
74
6	1	9	4	50	
2	4	6	8	9	
7120	9	18
251	218
75
46	54	22	96	49	
1	2	4	5	6	
7294	6	12
10	58
76
40	92	1	74	31	
1	3	4	5	7	
7322	6	12
292	143
77
26	32	28	20	79	
2	4	5	7	9	
7494	7	14
281	136
78
29	35	46	72	78	
1	3	4	6	7	
7669	10	20
186	26
79
59	84	20	41	4	
1	2	4	5	7	
7701	8	16
64	10
80
93	76	9	76	7	
2	3	5	7	9	
7754	6	12
127	163
81
34	95	53	49	35	
1	2	4	6	7	
8025	7	14
21	51
82
65	74	79	35	65	
1	3	4	5	7	
8174	6	12
6	68
83
48	53	34	31	51	
1	2	3	4	5	
8293	9	18
268	91
84
50	31	88	59	71	
2	3	4	5	6	
8310	6	12
144	217
85
54	45	34	93	34	
1	2	3	5	6	
8363	7	14
125	240
86
94	33	37	35	69	
2	3	4	5	6	
8439	5	10
242	254
87
40	3	42	14	30	
2	4	5	6	7	
8572	7	14
189	296
88
3	38	10	28	87	
2	4	5	7	9	
8675	8	16
159	90
89
48	68	54	25	27	
2	4	6	7	8	
8849	10	20
262	50
90
1	97	25	95	22	
1	3	5	7	9	
8929	7	14
90	95
91
54	77	1	4	65	
1	2	4	6	8	
9190	10	20
93	202
92
34	79	17	14	82	
1	2	4	6	8	
9367	6	12
212	272
93
87	22	98	4	64	
1	2	3	5	7	
9440	8	16
271	60
94
81	76	91	88	68	
2	4	6	8	9	
9473	5	10
272	243
95
31	74	10	26	17	
2	3	4	5	6	
9553	6	12
285	50
96
50	41	35	62	42	
1	3	4	6	7	
9795	9	18
194	114
97
70	87	100	15	19	
1	3	4	5	7	
9907	8	16
69	108
98
4	26	78	89	32	
1	3	5	6	7	
9919	5	10
52	288
99
43	2	1	15	20	
2	3	5	6	8	
9951	10	20
40	48
154	205
236	56