100	5	4000	15
0
20	83	2	89	55	
1	3	5	6	8	
65	10	20
16	292
1
5	24	84	42	85	
2	3	4	6	8	
281	7	14
104	288
2
86	87	82	77	20	
2	3	4	5	7	
357	9	18
276	221
3
4	46	74	44	31	
2	4	6	8	10	
455	7	14
263	80
4
1	88	77	20	85	
2	3	4	5	7	
572	10	20
107	112
5
1	1	36	99	69	
2	3	5	6	7	
725	10	20
297	298
6
16	84	2	79	12	
1	2	3	4	6	
740	5	10
215	19
7
88	2	19	34	4	
1	3	4	5	7	
995	6	12
106	63
8
41	93	100	82	96	
1	2	3	4	5	
1047	8	16
13	29
9
17	30	38	4	58	
2	3	4	5	6	
1140	9	18
26	278
10
18	84	92	78	37	
2	4	6	7	9	
1159	9	18
172	184
11
66	39	86	39	51	
1	3	5	6	8	
1263	9	18
206	155
12
18	92	39	35	69	
2	3	5	7	9	
1268	7	14
4	173
13
36	77	99	4	85	
1	2	4	5	7	
1276	8	16
45	50
14
2	63	61	75	96	
1	3	5	7	8	
1364	7	14
141	256
15
47	73	17	94	39	
2	3	5	7	8	
1492	7	14
208	187
16
78	9	2	46	28	
1	3	5	7	8	
1508	10	20
226	157
17
30	78	15	26	87	
2	4	6	7	8	
1527	7	14
175	83
18
63	43	79	31	18	
1	2	4	6	8	
1725	10	20
280	185
19
15	63	45	1	4	
2	3	4	6	8	
1809	5	10
3	61
20
1	49	75	80	96	
1	2	4	5	7	
2059	9	18
181	295
21
90	33	23	90	52	
1	2	4	6	7	
2068	5	10
228	18
22
39	4	64	12	74	
2	3	4	5	6	
2209	9	18
235	280
23
39	19	78	43	16	
1	3	4	5	7	
2469	8	16
54	231
24
30	18	66	54	2	
1	3	5	6	8	
2567	5	10
256	24
25
89	24	34	60	69	
2	4	6	8	9	
2572	10	20
232	218
26
49	67	63	13	66	
2	4	6	8	10	
2823	6	12
132	192
27
34	35	43	5	50	
1	2	4	5	6	
2998	10	20
188	227
28
47	16	99	65	3	
1	3	5	7	9	
3246	5	10
287	291
29
36	55	42	90	22	
1	2	3	5	6	
3446	5	10
128	48
30
84	2	9	25	67	
2	4	6	7	8	
3493	8	16
234	65
31
20	24	84	8	58	
1	3	5	7	8	
3611	8	16
283	288
32
83	96	25	65	2	
2	3	4	6	7	
3659	10	20
132	83
33
92	20	67	46	89	
2	3	5	7	8	
3739	8	16
7	127
34
31	84	76	33	100	
2	3	4	5	7	
3750	8	16
128	161
35
62	77	76	61	77	
2	3	4	6	7	
3789	5	10
72	173
36
14	19	86	26	35	
2	3	4	6	7	
3845	7	14
171	93
37
40	42	57	64	52	
2	3	5	7	8	
3871	7	14
144	174
38
56	56	9	11	10	
1	2	4	5	7	
3907	5	10
279	105
39
61	63	93	68	91	
2	4	5	7	9	
3998	7	14
176	3
40
68	91	88	35	75	
1	3	4	6	7	
4140	10	20
116	81
41
54	85	30	63	100	
1	2	3	4	6	
4377	6	12
175	111
42
10	9	50	26	23	
1	3	5	7	8	
4453	10	20
256	249
43
60	43	68	26	80	
1	2	4	5	7	
4552	10	20
113	208
44
56	68	55	96	58	
2	4	6	8	9	
4553	8	16
293	121
45
73	71	88	47	43	
2	4	5	6	8	
4589	6	12
131	55
46
3	76	26	87	9	
1	3	4	5	7	
4949	5	10
15	19
47
62	86	27	63	5	
2	4	5	6	8	
5141	10	20
16	167
48
31	17	57	4	71	
2	3	5	7	8	
5376	9	18
52	140
49
25	39	11	47	75	
2	3	4	6	8	
5420	10	20
145	104
50
3	60	37	92	93	
2	4	6	7	8	
5623	10	20
200	275
51
1	5	72	86	28	
2	4	6	8	9	
5626	10	20
241	81
52
2	96	58	29	31	
1	3	4	5	7	
5762	8	16
210	81
53
18	64	12	71	75	
1	3	4	6	7	
5969	5	10
221	153
54
35	89	37	70	54	
2	4	5	6	7	
6261	6	12
230	253
55
52	71	44	97	18	
2	4	5	6	7	
6285	5	10
189	249
56
95	94	59	2	64	
1	2	3	5	7	
6300	9	18
180	248
57
29	95	44	2	37	
2	4	5	7	8	
6301	6	12
32	73
58
82	50	34	46	45	
1	3	5	6	7	
6355	7	14
224	23
59
77	95	40	77	17	
2	3	4	5	6	
6387	8	16
72	124
60
65	62	39	70	1	
2	3	4	5	7	
6514	7	14
106	41
61
65	25	90	68	3	
1	2	4	6	8	
6524	7	14
258	226
62
75	49	66	48	92	
2	3	4	5	6	
6740	10	20
37	86
63
20	40	52	39	15	
2	4	5	6	8	
6832	10	20
22	17
64
24	64	56	24	100	
2	3	5	6	7	
6913	10	20
202	245
65
54	54	54	37	22	
1	2	3	4	6	
7009	10	20
180	55
66
28	75	63	86	30	
2	3	4	5	6	
7156	6	12
41	240
67
19	97	2	15	58	
2	3	4	5	7	
7381	6	12
226	290
68
86	55	77	84	23	
2	3	4	6	7	
7413	6	12
39	114
69
29	1	94	1	32	
2	3	4	6	7	
7421	7	14
29	92
70
86	91	39	3	1	
1	3	4	5	7	
7621	5	10
104	51
71
51	33	29	28	23	
2	3	5	7	8	
7672	7	14
231	161
72
14	80	78	5	27	
2	3	4	5	6	
7743	7	14
113	263
73
43	26	27	46	8	
1	2	4	5	6	
7885	10	20
33	56
74
20	90	25	21	67	
1	2	4	5	6	
8003	7	14
155	76
75
43	92	52	50	50	
2	3	5	7	8	
8100	6	12
13	251
76
98	29	27	12	77	
2	3	5	7	8	
8289	8	16
166	294
77
81	13	83	16	52	
2	4	6	7	9	
8293	7	14
141	12
78
44	26	71	51	87	
1	3	5	7	9	
8307	6	12
64	217
79
4	83	72	47	15	
2	3	4	6	8	
8338	6	12
32	150
80
26	94	68	45	88	
1	3	4	5	7	
8382	6	12
174	154
81
75	65	24	4	6	
1	2	4	5	6	
8388	6	12
78	23
82
90	9	25	49	85	
2	4	6	8	10	
8454	7	14
206	285
83
26	69	15	61	38	
1	2	4	5	6	
8466	5	10
273	118
84
28	24	47	8	91	
2	4	5	7	9	
8620	7	14
88	5
85
78	16	93	2	81	
2	4	6	7	9	
8636	10	20
138	84
86
30	80	72	10	98	
2	4	5	6	7	
8643	10	20
242	205
87
61	35	100	95	29	
2	3	5	6	7	
8671	7	14
197	258
88
31	76	31	77	88	
1	3	5	6	8	
8900	5	10
224	273
89
53	27	94	98	84	
1	3	5	7	8	
9049	5	10
260	105
90
28	80	56	97	79	
1	2	3	5	6	
9267	6	12
255	80
91
1	44	53	57	12	
1	2	4	5	6	
9372	9	18
226	271
92
24	59	67	69	13	
2	4	6	7	8	
9435	9	18
26	84
93
49	56	58	99	16	
1	3	4	6	7	
9441	7	14
289	91
94
83	20	91	18	59	
1	3	5	7	8	
9517	9	18
269	149
95
97	6	55	54	59	
2	4	6	7	9	
9668	7	14
194	15
96
36	19	29	49	68	
1	3	5	6	7	
9797	10	20
198	133
97
68	42	100	24	31	
1	3	4	6	8	
9893	8	16
287	178
98
28	26	10	93	68	
1	2	4	6	7	
9933	6	12
231	206
99
19	11	63	3	26	
2	4	5	6	8	
9965	5	10
199	262
141	196
188	274