100	5	4000	4
0
32	7	29	69	91	
1	3	4	5	6	
119	5	10
80	110
1
98	89	29	51	83	
1	3	5	7	8	
266	9	18
288	42
2
39	23	25	72	15	
2	4	5	7	9	
334	7	14
13	271
3
28	14	9	23	40	
1	3	5	6	7	
361	9	18
119	126
4
73	37	34	83	99	
2	3	4	5	6	
418	5	10
8	236
5
28	51	75	33	85	
2	4	5	6	8	
554	10	20
111	232
6
72	17	67	8	7	
1	2	3	5	7	
652	10	20
298	179
7
47	4	12	4	83	
2	3	5	6	7	
748	6	12
157	16
8
49	98	26	9	3	
1	2	3	5	7	
763	5	10
29	289
9
37	12	68	40	67	
2	3	4	5	6	
827	6	12
157	82
10
21	3	85	98	38	
1	3	4	6	8	
858	7	14
203	296
11
59	1	50	32	71	
1	2	3	4	6	
879	7	14
192	138
12
31	98	90	75	59	
1	3	5	6	8	
912	8	16
270	285
13
11	37	60	21	41	
1	2	4	5	7	
1019	7	14
286	128
14
25	64	56	43	36	
2	3	5	6	8	
1294	10	20
192	152
15
77	96	84	55	78	
1	2	3	4	6	
1502	9	18
273	139
16
13	84	87	52	5	
1	2	4	6	8	
1525	6	12
95	79
17
52	92	68	89	33	
2	3	4	5	7	
1621	8	16
97	102
18
36	77	98	58	7	
1	3	5	6	8	
1864	8	16
123	183
19
70	49	84	75	66	
1	2	4	5	7	
2073	6	12
227	247
20
43	95	73	37	93	
2	4	5	7	8	
2147	6	12
11	8
21
75	15	74	34	87	
1	2	3	5	6	
2256	6	12
35	174
22
58	38	95	44	1	
1	3	5	6	7	
2299	5	10
254	296
23
47	44	28	23	88	
1	2	4	6	8	
2395	7	14
114	121
24
49	1	11	58	86	
1	3	5	7	9	
2546	9	18
174	120
25
80	77	77	52	36	
2	4	6	8	9	
2602	7	14
247	108
26
49	9	78	94	83	
1	2	3	4	5	
2760	5	10
26	86
27
21	26	73	1	65	
2	3	5	6	8	
2992	6	12
136	251
28
97	75	31	70	90	
2	4	6	7	8	
3028	7	14
183	204
29
95	71	57	47	49	
2	3	4	5	6	
3068	6	12
131	104
30
30	97	39	6	31	
1	3	4	6	7	
3093	5	10
0	109
31
97	18	75	98	25	
1	2	3	5	7	
3560	8	16
83	33
32
41	74	38	56	17	
1	2	3	5	7	
3612	7	14
23	3
33
41	64	76	69	87	
2	3	4	5	7	
3634	10	20
74	66
34
100	19	42	65	17	
1	2	4	6	7	
3720	7	14
292	200
35
26	67	22	18	56	
1	3	5	6	8	
3807	5	10
74	37
36
25	23	89	15	48	
2	4	6	7	8	
3842	8	16
183	38
37
56	80	20	33	45	
1	2	4	5	7	
3865	7	14
254	219
38
38	32	19	36	2	
1	3	5	7	9	
3956	8	16
197	61
39
95	50	64	20	67	
1	2	3	4	5	
3963	9	18
225	36
40
43	73	6	47	53	
1	2	4	6	8	
3975	7	14
81	153
41
40	80	56	44	29	
2	3	4	6	8	
4019	9	18
95	298
42
31	87	48	24	63	
2	4	6	7	9	
4041	7	14
278	64
43
89	95	56	50	72	
2	4	6	7	8	
4045	8	16
80	116
44
18	36	31	37	16	
1	3	5	6	8	
4055	9	18
159	227
45
19	84	90	46	10	
1	3	5	7	9	
4231	10	20
269	195
46
7	47	44	37	40	
1	3	5	7	8	
4340	8	16
172	189
47
78	79	16	81	52	
2	3	5	7	8	
4351	8	16
258	130
48
85	100	99	95	27	
2	4	5	6	8	
4441	8	16
261	214
49
96	97	78	38	65	
1	3	4	5	7	
4476	10	20
161	160
50
15	94	81	27	24	
2	3	4	5	7	
4584	10	20
192	39
51
56	6	70	60	42	
2	4	6	7	9	
4593	8	16
294	277
52
82	24	98	16	13	
2	4	5	7	8	
4716	8	16
249	273
53
29	13	16	86	64	
2	3	4	5	7	
4741	7	14
112	40
54
2	23	57	100	3	
2	4	6	7	9	
4756	5	10
16	137
55
23	97	14	10	19	
2	4	6	8	10	
4984	8	16
135	135
56
21	67	48	90	100	
1	3	4	5	6	
5784	10	20
229	207
57
3	21	76	64	6	
2	4	6	8	10	
5865	10	20
264	109
58
2	52	98	78	19	
1	3	4	5	6	
5965	5	10
234	284
59
86	91	53	76	62	
1	2	4	6	8	
6154	8	16
192	16
60
21	76	28	46	69	
2	4	5	6	8	
6219	5	10
276	183
61
56	60	61	2	62	
2	3	5	6	8	
6229	8	16
186	48
62
94	4	74	85	46	
2	3	5	7	9	
6311	9	18
48	38
63
42	93	46	93	9	
1	2	4	6	7	
6315	7	14
44	18
64
47	37	21	61	88	
2	4	6	8	10	
6564	7	14
180	78
65
23	86	52	28	56	
2	4	6	7	9	
6597	5	10
164	216
66
1	35	82	23	47	
1	2	3	5	7	
6706	10	20
167	165
67
81	68	65	4	55	
2	4	5	7	9	
6749	7	14
217	206
68
88	23	44	46	90	
2	4	6	8	10	
6858	6	12
5	5
69
47	68	25	9	71	
2	4	5	6	7	
7105	7	14
206	19
70
30	67	28	38	42	
2	3	5	7	9	
7139	7	14
267	22
71
12	25	55	99	31	
1	3	5	7	8	
7164	9	18
223	58
72
66	21	74	5	2	
1	3	5	7	8	
7329	7	14
233	41
73
69	91	74	93	90	
1	2	3	5	7	
7556	7	14
160	156
74
37	14	88	74	55	
1	3	4	5	6	
7643	10	20
225	289
75
4	86	34	42	56	
2	4	5	6	8	
7654	8	16
171	285
76
35	10	67	50	17	
1	2	4	6	8	
7665	8	16
223	17
77
30	24	23	32	51	
1	2	4	5	6	
7781	5	10
87	173
78
71	15	32	24	69	
2	3	4	5	6	
7921	9	18
205	13
79
98	54	11	21	73	
2	3	5	6	7	
8050	7	14
195	203
80
26	78	86	24	69	
2	4	5	6	7	
8189	8	16
230	145
81
49	14	18	85	31	
2	3	5	7	8	
8206	8	16
132	235
82
84	80	35	76	9	
2	3	5	6	7	
8300	6	12
287	291
83
2	30	57	78	7	
2	4	6	8	10	
8321	7	14
259	17
84
33	8	25	91	70	
1	3	5	7	8	
8327	7	14
290	285
85
19	52	43	99	54	
1	2	3	5	7	
8365	7	14
291	157
86
50	51	30	92	88	
2	3	4	5	7	
8417	10	20
41	61
87
85	97	45	49	15	
1	3	5	6	8	
8648	10	20
133	104
88
12	29	25	56	40	
2	3	4	6	8	
8770	7	14
182	164
89
97	100	39	48	31	
2	3	4	5	7	
9009	9	18
269	57
90
51	10	78	94	68	
2	4	5	7	9	
9039	7	14
58	193
91
4	23	21	9	25	
2	3	4	5	6	
9093	7	14
126	255
92
69	4	84	58	46	
2	3	5	6	7	
9135	8	16
48	97
93
91	4	89	79	73	
1	3	5	6	8	
9197	9	18
90	248
94
87	18	34	35	20	
1	3	4	5	6	
9230	10	20
11	16
95
62	4	59	22	11	
1	3	4	5	7	
9601	6	12
192	192
96
74	22	90	28	37	
1	2	3	4	6	
9802	8	16
46	207
97
93	41	41	61	53	
1	3	4	5	6	
9880	5	10
7	17
98
22	61	21	98	35	
2	3	4	6	7	
9965	7	14
231	114
99
39	42	47	48	71	
2	3	4	6	8	
9989	7	14
156	129
243	214
31	255