100	5	4000	16
0
38	73	5	66	13	
1	3	4	6	8	
266	7	14
30	21
1
13	20	58	81	38	
2	4	6	8	9	
277	8	16
142	40
2
42	82	91	90	75	
2	4	5	6	7	
314	8	16
137	169
3
71	87	24	8	20	
2	4	6	8	10	
414	10	20
191	131
4
71	52	72	53	9	
2	4	5	6	8	
424	9	18
185	205
5
92	55	82	90	73	
2	3	5	6	7	
438	7	14
96	168
6
16	2	54	98	35	
2	4	6	8	10	
507	9	18
224	34
7
50	57	74	46	26	
2	4	6	8	10	
580	8	16
295	194
8
7	73	22	95	84	
2	4	5	6	7	
716	10	20
233	221
9
75	32	2	81	47	
1	3	4	6	8	
807	8	16
152	263
10
38	81	65	8	91	
2	4	6	8	10	
811	5	10
45	251
11
88	22	74	68	62	
1	3	4	6	7	
858	7	14
139	253
12
70	80	10	15	93	
2	4	6	7	8	
859	5	10
53	114
13
35	79	41	47	53	
1	2	4	6	8	
941	7	14
89	178
14
18	42	5	56	68	
1	2	3	4	5	
1077	5	10
269	256
15
43	91	74	25	62	
1	3	4	5	7	
1167	6	12
25	296
16
27	52	93	9	78	
2	4	6	7	8	
1251	5	10
29	181
17
27	53	79	69	70	
2	4	5	6	8	
1312	10	20
141	235
18
43	32	30	4	45	
1	2	4	5	7	
1537	8	16
149	138
19
63	61	91	5	70	
1	3	4	5	6	
1612	10	20
111	180
20
23	11	61	44	62	
1	2	3	4	5	
1769	6	12
51	61
21
75	16	75	83	70	
2	4	5	7	8	
1963	8	16
59	191
22
91	73	77	87	16	
2	3	5	7	9	
2131	5	10
210	280
23
45	76	19	14	18	
2	4	5	7	9	
2193	9	18
21	70
24
10	45	67	94	7	
2	3	5	6	7	
2246	7	14
13	155
25
19	86	29	52	58	
1	3	5	6	7	
2264	7	14
152	171
26
72	12	46	59	58	
1	3	5	6	8	
2361	6	12
117	198
27
97	66	27	24	77	
2	3	5	7	9	
2433	7	14
265	219
28
41	25	66	68	54	
1	2	4	5	6	
2478	6	12
114	136
29
6	53	27	14	85	
2	3	4	6	7	
2795	6	12
286	244
30
91	77	54	5	15	
2	3	5	6	7	
2846	10	20
227	62
31
22	96	52	62	62	
1	3	5	7	8	
2979	9	18
270	190
32
91	60	24	12	70	
1	2	4	5	7	
3182	5	10
201	4
33
53	15	14	14	6	
2	4	5	6	7	
3220	7	14
261	31
34
58	56	60	70	91	
1	3	4	5	6	
3235	5	10
250	216
35
41	44	76	98	81	
1	3	4	6	7	
3313	6	12
63	194
36
40	96	24	93	71	
1	3	4	5	7	
3323	10	20
11	257
37
99	86	53	90	90	
1	3	5	6	7	
3400	7	14
134	216
38
54	79	84	60	70	
2	3	4	5	7	
3455	10	20
280	64
39
44	11	43	73	33	
2	4	6	7	9	
3638	6	12
176	103
40
22	18	12	11	78	
1	2	4	5	6	
3645	7	14
296	43
41
52	7	54	31	57	
2	4	6	8	9	
3738	6	12
46	232
42
74	48	35	60	13	
2	4	5	7	8	
3755	8	16
50	74
43
36	44	5	96	60	
1	3	4	6	7	
3773	10	20
150	61
44
95	64	92	32	49	
1	3	4	6	8	
3923	6	12
119	268
45
58	81	41	55	84	
2	4	6	8	9	
3985	5	10
177	230
46
90	91	42	98	80	
1	2	4	5	6	
4173	9	18
243	179
47
46	93	90	19	17	
2	3	4	5	6	
4344	7	14
248	273
48
24	41	99	62	92	
1	3	4	6	7	
4513	9	18
73	139
49
12	94	2	80	52	
1	2	3	4	6	
4515	7	14
211	24
50
19	28	93	95	98	
2	3	4	6	8	
4847	8	16
183	218
51
70	53	20	15	95	
1	3	5	7	8	
4997	5	10
72	266
52
9	48	58	34	12	
2	4	5	6	7	
5181	5	10
102	287
53
94	43	49	23	7	
2	4	5	6	8	
5332	6	12
36	155
54
55	49	98	63	14	
2	3	5	6	7	
5365	6	12
56	101
55
10	15	75	35	46	
2	4	5	7	8	
5378	7	14
80	267
56
22	10	19	37	86	
1	2	3	5	7	
5400	7	14
10	248
57
27	35	61	46	30	
1	3	5	7	8	
5430	7	14
223	144
58
52	62	37	16	75	
1	3	5	7	8	
5436	9	18
28	82
59
62	23	67	96	4	
2	4	6	8	10	
5452	6	12
155	28
60
27	86	48	30	79	
1	3	4	5	7	
5561	10	20
127	193
61
18	79	12	79	33	
2	3	5	6	8	
5648	5	10
218	55
62
67	49	100	4	51	
2	3	4	6	8	
5780	10	20
13	38
63
82	11	81	42	21	
1	2	4	6	7	
6221	10	20
101	80
64
68	32	45	57	3	
1	2	4	5	6	
6377	9	18
112	14
65
14	3	11	56	34	
1	3	4	5	7	
6381	9	18
151	75
66
12	58	12	11	26	
2	3	4	5	7	
6582	6	12
232	176
67
43	4	1	30	90	
1	3	5	6	7	
6680	6	12
69	83
68
91	28	43	67	25	
2	4	6	8	9	
6928	9	18
24	88
69
60	98	39	97	81	
1	2	3	5	6	
6988	5	10
238	73
70
69	91	36	19	72	
1	3	4	5	7	
7016	8	16
132	84
71
48	80	1	32	84	
1	3	5	7	9	
7023	8	16
213	205
72
98	35	68	56	21	
1	2	4	5	7	
7091	5	10
19	94
73
25	13	70	100	45	
1	3	5	7	9	
7397	9	18
111	239
74
74	14	47	81	13	
1	2	4	6	8	
7434	6	12
219	34
75
53	2	91	37	94	
1	3	5	7	9	
7466	6	12
241	160
76
56	53	97	92	23	
2	3	4	6	8	
7485	5	10
19	53
77
44	72	26	75	78	
1	3	5	6	7	
7527	10	20
79	34
78
10	29	4	33	19	
2	3	4	5	7	
7623	8	16
277	299
79
49	17	93	1	30	
1	2	3	4	6	
7817	5	10
9	144
80
66	3	27	50	43	
2	4	5	6	8	
8271	6	12
64	282
81
79	79	18	66	13	
1	3	4	5	7	
8421	8	16
89	203
82
78	56	88	21	87	
2	4	6	7	9	
8470	9	18
13	2
83
70	93	41	86	39	
1	2	3	5	6	
8729	8	16
142	38
84
67	81	77	64	23	
2	4	6	7	9	
8774	8	16
92	279
85
21	36	16	66	19	
2	3	4	5	6	
8775	8	16
260	198
86
81	38	73	6	39	
1	2	4	6	8	
8898	6	12
214	238
87
22	60	67	32	44	
2	4	6	7	8	
8957	6	12
258	235
88
25	56	48	37	6	
2	4	6	8	10	
9008	5	10
243	10
89
59	40	69	1	61	
2	3	4	5	6	
9107	9	18
206	83
90
78	36	29	29	39	
1	2	3	5	6	
9215	8	16
220	250
91
2	55	90	47	80	
2	3	5	7	9	
9314	5	10
206	35
92
87	57	16	6	32	
1	2	3	5	7	
9363	5	10
284	69
93
61	20	99	60	59	
2	3	5	6	8	
9418	7	14
152	0
94
82	77	35	84	88	
2	4	5	6	8	
9450	8	16
177	195
95
92	32	73	22	50	
2	4	5	6	8	
9523	5	10
193	190
96
67	15	13	43	11	
2	3	5	7	9	
9579	6	12
249	77
97
89	87	36	23	65	
2	4	6	7	9	
9694	7	14
68	59
98
13	56	87	48	3	
2	4	6	7	8	
9703	8	16
232	184
99
6	89	5	84	69	
2	4	5	7	8	
9861	8	16
141	5
27	101
44	133