100	5	4000	1
0
71	10	51	87	54	
2	3	5	6	8	
62	9	18
21	254
1
34	89	8	82	52	
2	4	5	6	7	
168	10	20
35	78
2
98	61	98	17	8	
2	4	5	7	8	
224	10	20
47	6
3
89	71	17	58	76	
1	3	5	7	9	
328	7	14
42	160
4
59	77	35	77	92	
2	4	6	7	9	
369	10	20
153	29
5
46	21	44	61	76	
1	2	3	5	6	
388	9	18
5	130
6
1	24	18	44	94	
1	3	5	7	9	
528	9	18
101	20
7
95	13	54	61	71	
2	3	4	5	6	
672	9	18
17	71
8
34	95	69	70	24	
2	3	5	6	8	
675	8	16
256	76
9
44	90	18	40	6	
1	3	4	5	7	
775	5	10
104	163
10
2	63	95	96	58	
2	3	5	7	9	
978	9	18
181	196
11
89	81	24	77	53	
2	4	5	6	7	
1063	10	20
237	236
12
62	1	59	11	35	
1	3	4	6	8	
1103	9	18
25	258
13
6	26	14	7	96	
2	3	5	7	9	
1116	6	12
280	255
14
7	10	87	27	52	
1	3	5	6	8	
1335	7	14
203	67
15
37	35	1	79	89	
1	2	4	6	8	
1399	7	14
283	52
16
56	61	44	30	96	
1	2	3	5	6	
1422	9	18
249	259
17
76	14	7	21	9	
2	4	5	7	8	
1425	9	18
232	106
18
90	23	53	13	31	
1	2	4	5	7	
1450	7	14
113	289
19
73	63	100	36	22	
2	4	6	7	8	
1771	5	10
38	207
20
78	55	94	2	27	
1	2	3	4	6	
1867	9	18
119	217
21
61	98	74	57	89	
1	2	3	4	5	
1946	6	12
265	268
22
45	73	73	57	25	
2	3	4	6	7	
2330	10	20
49	299
23
85	82	85	75	59	
2	4	6	7	9	
2334	10	20
15	163
24
12	34	63	79	100	
1	3	4	5	6	
2425	6	12
264	259
25
4	90	59	96	9	
1	3	5	7	9	
2480	7	14
293	148
26
76	62	90	80	96	
2	3	5	6	7	
2500	10	20
224	16
27
97	76	75	60	42	
1	2	4	5	6	
2558	5	10
109	189
28
22	53	97	59	5	
2	3	4	6	7	
2710	8	16
148	293
29
96	54	17	90	95	
1	2	3	5	6	
2772	9	18
134	275
30
40	89	6	8	81	
2	4	6	8	9	
2853	8	16
21	78
31
56	18	12	84	91	
1	3	4	5	7	
2971	5	10
258	58
32
30	71	26	46	53	
1	3	5	7	9	
3001	9	18
93	178
33
13	72	24	62	78	
1	3	5	7	8	
3097	10	20
170	19
34
33	9	5	2	41	
2	4	5	6	8	
3141	9	18
77	198
35
19	26	29	60	17	
2	3	4	5	6	
3208	9	18
127	52
36
93	18	64	58	85	
2	4	6	7	8	
3227	10	20
266	81
37
36	45	65	45	18	
1	2	3	4	5	
3294	9	18
130	98
38
14	56	18	86	64	
2	3	5	7	8	
3483	8	16
104	259
39
93	91	6	82	33	
1	2	3	4	6	
3571	5	10
100	293
40
84	33	63	6	33	
2	4	6	7	8	
3596	7	14
218	198
41
31	81	28	84	35	
1	3	5	6	7	
3713	6	12
215	210
42
16	35	42	69	39	
2	4	5	6	7	
3814	8	16
20	136
43
20	27	68	36	87	
1	2	3	5	6	
3959	7	14
22	55
44
98	80	31	100	21	
1	2	4	6	8	
3971	10	20
201	102
45
40	22	99	48	95	
1	3	5	7	9	
4212	9	18
239	241
46
80	65	59	53	33	
1	2	4	5	6	
4261	8	16
72	246
47
87	19	19	11	31	
1	3	5	6	7	
4358	5	10
63	160
48
45	90	16	91	88	
2	3	4	5	6	
4697	6	12
18	121
49
69	2	67	23	84	
1	2	3	4	6	
4832	10	20
108	88
50
56	32	65	37	19	
1	3	4	6	8	
5018	7	14
148	217
51
88	90	92	49	6	
1	2	4	6	8	
5026	7	14
88	45
52
14	79	8	71	84	
2	3	5	7	8	
5314	10	20
173	125
53
96	99	23	14	6	
2	3	5	7	9	
5348	7	14
240	199
54
92	6	86	67	45	
2	3	5	7	8	
5372	5	10
104	66
55
45	11	94	51	2	
1	2	4	5	6	
5445	5	10
162	284
56
60	78	18	42	74	
2	3	4	6	8	
5519	10	20
183	49
57
45	49	54	48	4	
2	4	5	6	8	
5698	6	12
140	243
58
64	42	96	5	38	
1	2	3	5	6	
5798	10	20
89	46
59
89	91	31	41	69	
1	2	3	5	7	
5806	6	12
121	274
60
4	64	40	19	76	
2	4	6	7	9	
5936	9	18
198	298
61
26	33	92	3	44	
2	4	6	8	9	
6245	5	10
228	172
62
19	33	14	11	57	
2	4	6	7	9	
6267	5	10
76	212
63
83	21	6	42	55	
2	3	5	7	9	
6285	9	18
255	5
64
19	50	98	85	19	
2	3	4	5	6	
6539	10	20
44	168
65
1	10	5	59	6	
1	2	3	5	6	
6716	9	18
296	94
66
64	56	20	22	1	
1	2	3	5	7	
6732	5	10
282	119
67
46	42	83	40	92	
2	4	6	8	9	
6775	5	10
51	91
68
37	82	94	70	94	
2	4	6	7	8	
6845	10	20
10	225
69
3	98	38	21	78	
1	2	3	4	5	
6969	5	10
245	165
70
11	73	18	90	91	
2	4	6	7	9	
7000	7	14
158	163
71
2	77	62	19	41	
1	2	3	4	5	
7114	9	18
216	14
72
49	10	95	10	19	
2	4	5	7	9	
7314	5	10
22	184
73
96	3	90	4	63	
2	3	4	6	8	
7464	6	12
63	191
74
55	93	9	53	37	
2	3	4	6	8	
7718	8	16
20	227
75
20	29	5	18	20	
2	4	5	7	9	
7900	10	20
187	233
76
92	40	44	97	22	
2	4	6	7	9	
7923	9	18
49	281
77
16	3	25	52	86	
1	3	4	6	7	
7933	8	16
56	98
78
94	86	34	7	13	
2	4	5	6	7	
7937	7	14
76	262
79
86	17	60	95	43	
1	2	4	5	6	
8112	9	18
146	59
80
34	35	46	43	66	
1	3	4	5	6	
8116	5	10
74	179
81
40	25	46	32	10	
2	3	5	7	9	
8143	9	18
190	132
82
85	60	20	54	43	
2	3	4	6	8	
8250	9	18
130	38
83
82	55	99	51	97	
1	3	5	6	8	
8334	7	14
208	32
84
36	18	50	50	34	
2	4	6	7	9	
8542	6	12
231	61
85
11	61	48	19	29	
2	3	4	5	6	
8656	7	14
223	107
86
97	66	49	5	68	
1	3	4	5	6	
8678	8	16
219	5
87
74	74	84	97	82	
1	2	3	4	5	
8857	7	14
195	29
88
53	48	61	39	85	
2	3	5	7	9	
9020	6	12
220	12
89
51	70	66	96	24	
2	4	5	6	7	
9190	6	12
14	120
90
9	34	75	44	28	
2	3	4	5	6	
9276	7	14
146	29
91
64	53	50	10	89	
1	2	4	5	6	
9346	5	10
10	124
92
22	17	42	2	35	
1	2	3	4	6	
9379	5	10
107	296
93
94	55	5	64	32	
2	4	5	7	8	
9573	8	16
249	80
94
66	39	18	82	50	
1	2	4	5	6	
9613	7	14
0	138
95
31	14	83	15	30	
1	3	4	5	6	
9621	9	18
194	202
96
56	78	70	85	30	
1	2	3	5	6	
9703	10	20
107	215
97
33	100	45	28	83	
2	3	4	6	7	
9726	10	20
236	209
98
23	9	81	2	71	
2	4	5	6	8	
9757	6	12
120	157
99
97	8	83	25	48	
2	3	4	6	8	
9928	10	20
148	142
277	146
183	170