100	5	4000	0
0
86	99	85	27	17	
1	2	3	5	6	
180	6	12
168	255
1
10	54	78	27	1	
2	4	5	7	9	
210	8	16
283	124
2
85	79	27	80	51	
1	2	4	6	7	
304	10	20
199	57
3
2	93	11	44	33	
1	2	3	5	7	
358	9	18
41	274
4
43	85	100	75	32	
2	3	4	6	8	
539	7	14
10	52
5
91	36	54	22	10	
1	2	3	4	6	
622	9	18
168	165
6
21	95	87	40	47	
1	2	4	5	7	
659	5	10
20	51
7
93	96	53	78	26	
1	2	4	5	6	
665	8	16
225	277
8
20	23	13	19	43	
1	2	4	6	7	
795	7	14
108	213
9
3	4	34	60	94	
1	3	5	7	9	
1004	8	16
1	141
10
58	74	89	41	34	
1	2	4	6	8	
1022	6	12
100	131
11
39	77	92	83	1	
1	3	4	5	6	
1071	8	16
167	33
12
41	86	56	57	33	
2	4	6	8	9	
1225	6	12
38	219
13
53	15	13	86	77	
1	3	5	6	7	
1245	8	16
184	110
14
93	61	27	30	37	
2	3	5	7	8	
1448	8	16
47	120
15
11	10	29	48	42	
1	2	3	4	5	
1452	7	14
20	130
16
27	35	74	93	85	
1	3	5	6	8	
1547	5	10
106	84
17
33	78	92	50	15	
2	3	5	6	7	
1558	9	18
151	250
18
28	8	19	46	80	
1	3	5	6	8	
1606	7	14
226	132
19
8	23	52	60	86	
1	3	4	6	8	
1889	6	12
278	100
20
54	38	51	61	23	
1	3	5	7	9	
1931	6	12
123	97
21
23	50	95	89	98	
2	4	5	6	7	
1986	10	20
82	297
22
12	81	38	49	28	
1	3	4	6	7	
2173	7	14
222	78
23
59	94	46	95	32	
2	4	5	7	9	
2247	5	10
143	186
24
52	7	70	3	1	
2	4	5	6	7	
2520	6	12
111	51
25
56	50	62	30	10	
1	2	3	4	6	
2624	10	20
34	16
26
94	65	90	4	52	
2	3	4	5	7	
2798	9	18
163	225
27
80	89	50	52	16	
2	4	6	7	8	
2825	5	10
58	141
28
77	72	1	17	66	
2	3	4	5	7	
2888	10	20
281	201
29
14	26	14	85	42	
1	2	3	4	5	
2902	9	18
13	116
30
26	100	45	21	21	
1	2	4	6	8	
3174	9	18
99	37
31
47	84	55	23	2	
1	2	3	5	6	
3213	8	16
211	283
32
79	75	56	72	99	
1	3	5	7	8	
3294	6	12
28	200
33
62	49	8	41	72	
2	4	5	7	9	
3360	6	12
240	290
34
85	1	97	72	86	
2	3	5	6	8	
3376	7	14
192	82
35
44	100	58	72	32	
1	2	3	4	5	
3445	9	18
104	131
36
23	49	84	57	30	
2	3	5	7	9	
3459	8	16
288	150
37
14	26	6	92	58	
1	3	4	5	7	
3630	7	14
168	76
38
52	96	40	22	17	
2	4	5	7	8	
3690	8	16
98	152
39
20	16	91	79	18	
2	4	5	6	8	
3788	6	12
8	297
40
41	88	60	34	2	
1	2	4	5	7	
3823	9	18
269	176
41
5	29	65	69	16	
2	4	5	6	8	
3860	5	10
15	3
42
20	43	20	91	46	
1	2	4	6	7	
3968	6	12
21	244
43
27	45	8	16	49	
2	3	4	6	7	
4024	5	10
142	227
44
44	77	95	99	36	
2	4	5	7	8	
4174	8	16
48	90
45
10	24	89	72	13	
2	3	4	6	7	
4254	6	12
55	145
46
16	55	80	71	40	
1	2	4	6	7	
4355	5	10
129	223
47
35	86	40	12	81	
2	4	5	6	7	
4546	8	16
95	210
48
68	31	13	97	26	
1	3	4	6	8	
4621	8	16
197	261
49
13	26	3	31	73	
2	3	5	6	7	
4749	7	14
174	41
50
39	2	48	22	41	
2	4	6	8	9	
4887	10	20
142	268
51
64	8	40	90	61	
1	2	3	4	6	
4920	6	12
158	6
52
3	83	78	41	7	
2	3	4	5	7	
4983	6	12
59	106
53
5	55	26	7	62	
2	4	5	6	8	
5075	10	20
142	174
54
85	7	51	7	19	
2	4	5	7	9	
5132	9	18
34	228
55
65	34	24	2	51	
2	4	5	6	8	
5230	6	12
86	134
56
57	99	78	85	87	
2	4	6	8	9	
5261	6	12
199	9
57
13	1	17	12	100	
1	3	4	5	7	
5273	10	20
212	63
58
90	63	74	97	13	
2	4	5	7	8	
5326	5	10
267	273
59
86	4	30	92	77	
2	4	6	8	9	
5327	8	16
149	126
60
70	8	63	10	61	
2	4	5	6	8	
5505	5	10
286	265
61
45	26	95	46	19	
1	2	4	5	6	
5828	10	20
137	91
62
26	26	69	42	93	
2	4	6	7	8	
5928	5	10
136	98
63
59	30	28	90	7	
1	3	5	7	8	
5958	8	16
76	165
64
4	3	39	76	1	
1	2	3	4	6	
6036	10	20
50	243
65
28	19	82	95	52	
2	4	6	7	8	
6420	8	16
98	217
66
14	34	24	72	25	
2	3	5	7	8	
6609	5	10
68	215
67
78	14	96	15	83	
1	2	4	6	8	
6987	10	20
204	96
68
7	88	18	14	69	
2	4	6	8	10	
7165	9	18
94	284
69
11	86	55	41	65	
2	4	6	7	9	
7248	5	10
184	260
70
24	32	80	33	54	
1	2	4	5	6	
7333	6	12
262	184
71
54	34	82	49	91	
2	4	6	8	10	
7344	8	16
129	35
72
54	78	68	9	48	
2	3	5	6	8	
7401	9	18
151	285
73
28	16	41	53	3	
1	2	4	6	8	
7455	9	18
192	51
74
37	85	71	86	43	
2	3	4	5	6	
7699	7	14
183	32
75
99	35	7	28	66	
1	2	4	5	7	
7718	7	14
73	238
76
10	41	5	95	92	
1	2	3	5	6	
7771	6	12
62	161
77
87	21	63	54	46	
1	2	3	5	6	
7930	8	16
30	234
78
78	90	22	90	29	
2	3	5	6	8	
7954	6	12
152	148
79
21	78	48	82	57	
2	3	4	5	7	
7997	9	18
266	283
80
80	60	33	31	72	
2	4	6	8	9	
8019	8	16
106	82
81
48	86	95	13	87	
2	3	5	7	9	
8155	7	14
240	52
82
97	95	66	19	10	
1	2	4	6	8	
8308	8	16
209	126
83
21	68	44	95	22	
2	3	4	6	8	
8411	10	20
157	62
84
91	34	47	1	16	
1	2	4	5	7	
8628	6	12
5	263
85
61	80	76	41	96	
2	4	6	7	8	
8703	7	14
288	199
86
27	86	93	55	95	
1	2	4	6	7	
8960	10	20
210	231
87
14	80	84	58	78	
1	2	3	4	6	
9012	9	18
190	105
88
64	19	56	67	54	
1	2	3	5	6	
9256	9	18
241	33
89
74	32	15	13	23	
1	2	3	4	6	
9336	5	10
178	286
90
27	30	62	18	100	
2	4	6	8	9	
9340	9	18
196	90
91
23	41	15	65	77	
2	3	4	6	8	
9352	9	18
4	35
92
43	37	28	33	53	
1	2	4	5	7	
9394	10	20
78	145
93
82	58	68	94	10	
2	3	5	7	9	
9476	9	18
126	242
94
57	19	19	43	58	
2	3	4	6	7	
9527	8	16
57	241
95
70	24	95	8	45	
2	3	4	5	7	
9576	10	20
180	56
96
97	69	100	59	16	
1	3	4	6	8	
9787	6	12
82	23
97
78	15	54	60	57	
1	3	4	6	8	
9791	10	20
28	214
98
24	94	4	69	5	
2	3	5	6	7	
9832	8	16
135	225
99
23	10	46	18	40	
1	3	4	5	7	
9919	6	12
181	220
256	136
230	153