100	5	4000	7
0
13	71	74	37	7	
2	3	4	5	6	
110	6	12
221	237
1
20	37	96	54	64	
2	3	5	7	9	
182	6	12
162	72
2
6	46	71	53	82	
1	2	4	6	7	
217	10	20
108	146
3
10	31	50	35	26	
2	3	5	7	9	
270	8	16
295	192
4
4	94	51	49	56	
2	4	5	7	9	
296	10	20
52	126
5
84	2	70	36	40	
2	4	5	7	8	
411	9	18
35	186
6
7	90	6	13	51	
1	3	5	6	7	
586	7	14
182	281
7
98	40	36	45	91	
1	3	5	7	8	
628	8	16
43	195
8
17	58	5	14	34	
2	4	5	7	8	
641	5	10
261	17
9
34	49	32	33	83	
1	2	3	4	6	
642	6	12
23	74
10
13	5	16	5	11	
1	2	3	4	6	
648	10	20
250	111
11
52	26	13	25	8	
1	3	5	7	8	
958	9	18
296	118
12
42	18	36	57	43	
1	2	3	5	6	
1077	5	10
163	132
13
24	20	91	39	19	
1	2	4	6	8	
1176	6	12
176	286
14
95	90	49	85	47	
2	3	5	7	8	
1378	7	14
193	88
15
17	31	58	24	22	
1	3	4	5	6	
1595	7	14
111	258
16
88	24	66	59	88	
2	3	5	6	7	
1759	7	14
190	74
17
21	96	15	61	100	
2	4	6	7	9	
1785	9	18
147	225
18
25	39	94	11	8	
2	3	4	5	7	
1949	6	12
276	248
19
10	91	10	33	4	
1	2	4	6	7	
2164	8	16
90	242
20
67	41	87	36	35	
1	3	4	6	7	
2387	7	14
217	240
21
10	43	30	9	85	
1	3	5	6	7	
2429	8	16
180	223
22
14	68	69	79	15	
2	4	5	6	7	
2463	8	16
128	237
23
44	35	5	86	80	
1	2	3	5	7	
2472	8	16
134	299
24
60	33	78	21	58	
1	2	4	5	6	
2515	5	10
208	65
25
79	89	33	79	16	
1	2	3	4	5	
2879	8	16
34	124
26
34	84	64	11	63	
2	4	5	7	8	
3101	9	18
173	175
27
76	45	80	23	17	
1	2	3	5	6	
3125	7	14
273	40
28
90	17	65	88	33	
2	4	6	8	10	
3139	8	16
272	294
29
80	1	100	5	16	
2	3	5	7	9	
3197	5	10
205	133
30
10	59	28	8	69	
2	3	5	7	9	
3438	9	18
214	291
31
97	40	37	40	80	
1	3	5	6	7	
3585	7	14
161	100
32
43	64	78	26	90	
2	3	4	5	6	
3662	5	10
230	163
33
77	84	68	91	6	
1	3	5	7	8	
3696	7	14
260	165
34
30	55	24	47	18	
2	4	6	8	9	
3702	10	20
217	125
35
25	96	59	41	54	
1	2	3	4	6	
3709	5	10
54	176
36
10	79	62	61	35	
1	2	3	5	7	
3876	7	14
50	256
37
47	100	43	30	69	
1	3	5	7	8	
3964	5	10
231	16
38
66	47	74	46	79	
2	3	4	6	8	
4115	6	12
215	212
39
85	18	83	84	31	
1	3	4	5	7	
4173	9	18
199	45
40
15	32	11	36	67	
1	2	4	5	6	
4191	10	20
239	154
41
27	83	13	14	83	
2	4	5	7	9	
4232	8	16
55	23
42
72	87	95	84	80	
1	2	3	4	6	
4273	8	16
233	254
43
11	67	16	60	23	
2	4	5	7	8	
4288	6	12
133	197
44
94	100	88	64	35	
2	4	6	8	9	
4436	6	12
25	265
45
27	6	90	41	96	
1	3	4	6	8	
4443	7	14
243	285
46
57	46	47	74	81	
1	2	4	6	8	
4488	5	10
274	182
47
95	80	78	16	98	
1	3	4	6	7	
4541	8	16
59	296
48
67	50	90	6	46	
1	3	4	6	8	
4584	10	20
61	39
49
60	92	73	94	47	
1	3	5	6	8	
4596	10	20
290	172
50
73	98	91	32	68	
2	3	5	6	8	
4948	8	16
28	254
51
4	98	27	60	79	
2	4	5	6	7	
5129	9	18
223	230
52
22	77	92	33	87	
1	2	3	5	6	
5207	5	10
135	82
53
97	36	8	3	22	
1	2	4	6	7	
5340	7	14
86	236
54
59	3	89	98	20	
2	3	5	6	8	
5351	9	18
140	81
55
27	24	47	22	70	
2	3	5	7	9	
5548	9	18
128	267
56
52	32	72	85	88	
2	4	5	6	8	
5669	9	18
4	183
57
57	12	75	58	14	
1	2	3	4	5	
5762	9	18
290	14
58
48	36	24	58	45	
1	3	4	6	7	
5829	7	14
269	155
59
93	81	54	6	55	
1	3	5	7	8	
5867	6	12
89	226
60
5	38	52	69	3	
2	4	5	7	8	
6181	7	14
243	247
61
77	60	18	31	40	
1	3	4	5	6	
6314	5	10
207	250
62
43	91	21	77	31	
1	3	5	6	7	
6420	6	12
152	124
63
60	27	75	92	56	
2	3	4	5	7	
6456	6	12
37	6
64
37	31	49	44	78	
2	4	5	6	7	
6476	6	12
150	293
65
57	86	43	26	65	
1	2	4	5	6	
6515	7	14
76	93
66
32	95	61	32	75	
2	3	5	6	8	
6586	8	16
190	112
67
66	82	5	93	62	
2	4	5	6	7	
6592	5	10
81	63
68
51	75	37	30	14	
2	4	6	8	10	
6617	6	12
83	281
69
52	69	91	68	35	
2	3	4	5	7	
6634	7	14
142	229
70
92	9	1	3	34	
2	4	6	7	8	
6653	6	12
26	90
71
27	99	88	72	52	
2	3	4	6	7	
6722	5	10
150	204
72
76	77	97	2	54	
2	4	5	6	7	
6912	8	16
220	175
73
55	78	27	62	30	
1	3	4	6	7	
7034	6	12
75	259
74
29	56	29	3	43	
2	3	4	5	7	
7373	7	14
19	29
75
20	56	38	89	57	
2	4	6	7	8	
7682	10	20
220	188
76
88	58	87	30	44	
2	3	5	7	9	
7747	6	12
191	127
77
88	2	3	68	49	
2	3	5	6	8	
7780	8	16
142	56
78
76	73	49	41	98	
2	3	5	6	8	
7857	5	10
90	268
79
94	100	64	70	64	
2	3	4	5	7	
8093	10	20
35	129
80
1	88	6	99	12	
1	3	5	7	8	
8291	8	16
259	297
81
40	48	40	95	83	
2	3	5	6	8	
8648	10	20
127	119
82
54	62	83	44	9	
2	3	4	5	7	
8681	5	10
137	253
83
41	2	79	10	52	
1	2	4	5	7	
8713	5	10
280	244
84
41	12	53	12	50	
1	3	5	6	7	
8813	5	10
200	228
85
25	59	50	34	42	
1	3	4	5	7	
8929	6	12
73	192
86
55	30	90	14	91	
2	3	5	6	7	
8960	7	14
283	138
87
47	61	51	58	69	
1	3	4	6	7	
8979	8	16
116	28
88
62	91	71	84	35	
2	3	4	5	6	
9070	5	10
1	114
89
68	80	36	15	8	
1	2	4	6	7	
9099	10	20
139	294
90
99	32	28	11	20	
1	2	3	5	7	
9104	7	14
276	74
91
79	83	33	79	60	
2	3	4	5	7	
9212	8	16
30	205
92
66	53	96	99	51	
2	4	6	8	9	
9340	10	20
285	123
93
25	92	31	20	63	
1	3	5	7	8	
9385	9	18
135	41
94
97	90	17	40	13	
1	2	3	4	5	
9427	7	14
88	51
95
39	24	59	23	21	
1	3	4	6	7	
9529	9	18
113	263
96
64	95	58	45	89	
1	2	3	4	6	
9707	9	18
116	101
97
64	71	38	81	98	
2	4	5	7	8	
9714	8	16
75	210
98
52	9	76	64	8	
2	3	5	7	8	
9726	7	14
55	137
99
93	82	83	43	90	
1	2	4	6	8	
9982	9	18
210	49
122	212
121	9