100	5	4000	5
0
43	6	12	61	9	
2	4	6	8	10	
69	5	10
24	297
1
9	23	20	99	21	
2	4	6	7	8	
87	8	16
138	275
2
67	16	68	2	4	
1	2	3	4	6	
135	8	16
10	94
3
95	78	95	63	90	
2	3	4	5	7	
145	7	14
261	227
4
9	83	25	26	32	
1	2	4	6	7	
222	10	20
91	298
5
52	39	27	71	28	
1	3	4	5	7	
527	7	14
12	211
6
45	71	36	75	38	
2	3	4	6	8	
531	8	16
198	53
7
13	71	55	92	100	
1	3	5	7	9	
581	5	10
151	27
8
99	26	37	30	14	
2	3	5	6	7	
613	7	14
81	90
9
64	41	73	64	35	
1	3	4	5	6	
865	8	16
275	50
10
57	63	5	75	89	
2	4	6	7	8	
961	10	20
36	20
11
72	80	66	84	69	
1	2	3	5	6	
1187	8	16
201	33
12
24	39	2	67	47	
2	4	5	6	7	
1190	6	12
103	18
13
24	67	5	35	15	
2	3	4	6	7	
1326	9	18
66	170
14
35	16	58	42	40	
2	3	4	5	7	
1454	9	18
221	34
15
13	95	29	45	78	
2	4	6	8	9	
1509	9	18
70	233
16
54	39	53	44	76	
1	2	3	5	6	
1570	9	18
240	140
17
8	90	29	23	29	
2	3	5	6	7	
1596	6	12
184	104
18
36	63	80	38	3	
2	3	4	6	7	
1979	7	14
14	230
19
63	40	92	66	31	
1	3	4	6	7	
2146	10	20
55	291
20
25	81	96	24	24	
2	3	5	6	8	
2273	7	14
272	267
21
100	19	51	100	85	
1	3	5	7	8	
2438	9	18
55	168
22
84	17	16	25	96	
1	2	3	4	6	
2490	8	16
216	253
23
39	65	20	8	33	
2	3	5	6	7	
2687	9	18
82	185
24
1	95	73	18	75	
1	2	4	6	7	
2974	6	12
232	220
25
4	93	73	12	38	
2	3	5	7	9	
3052	7	14
254	109
26
13	32	28	20	27	
2	3	4	5	6	
3125	9	18
256	61
27
18	9	51	20	84	
2	4	6	7	9	
3257	8	16
275	14
28
48	32	47	75	9	
1	2	3	5	7	
3352	6	12
48	4
29
58	17	49	44	32	
1	2	4	5	6	
3528	6	12
165	104
30
34	98	62	63	42	
1	3	5	6	8	
3590	8	16
24	46
31
96	19	65	91	99	
1	3	4	6	7	
3616	7	14
259	248
32
64	1	4	31	21	
2	4	5	7	8	
3692	10	20
264	132
33
94	79	72	11	3	
1	2	3	5	6	
3705	7	14
132	52
34
84	10	34	83	56	
1	2	4	6	7	
3723	7	14
212	7
35
98	61	73	52	47	
2	4	6	8	9	
3727	6	12
262	189
36
10	47	57	30	94	
1	2	4	6	7	
3760	7	14
11	208
37
65	8	63	39	60	
1	2	4	6	8	
3855	9	18
92	222
38
2	41	95	43	88	
1	2	3	4	6	
3884	8	16
119	129
39
53	14	72	58	1	
2	4	6	8	10	
3920	8	16
285	215
40
18	81	35	58	95	
1	2	3	5	6	
3957	8	16
95	199
41
68	70	65	90	39	
1	2	4	5	6	
3993	6	12
106	18
42
49	19	18	61	48	
1	3	4	6	7	
4011	10	20
202	162
43
97	46	15	77	80	
1	2	3	5	7	
4069	6	12
242	224
44
42	55	15	90	94	
2	4	5	7	8	
4090	10	20
218	238
45
86	25	25	66	12	
2	4	6	7	9	
4099	8	16
140	216
46
10	84	17	6	60	
2	4	5	7	8	
4420	5	10
118	196
47
34	20	9	60	75	
2	4	5	7	9	
4489	6	12
290	108
48
6	43	32	75	59	
1	3	5	6	7	
4512	7	14
276	227
49
57	23	8	5	24	
1	2	3	4	6	
4529	5	10
42	169
50
8	38	83	33	82	
2	4	5	6	8	
4745	5	10
26	289
51
46	32	78	48	88	
1	3	4	6	8	
4828	10	20
286	188
52
51	8	66	66	14	
1	2	4	5	6	
5085	9	18
30	84
53
31	94	36	11	88	
2	3	5	6	8	
5200	10	20
221	299
54
39	66	100	43	3	
2	4	6	7	9	
5204	7	14
114	214
55
23	70	90	33	27	
2	3	5	6	7	
5349	7	14
189	282
56
30	50	62	60	33	
2	3	5	7	9	
5476	7	14
133	25
57
81	61	91	44	62	
1	3	4	5	7	
5826	6	12
125	18
58
55	74	44	30	8	
2	3	5	6	7	
5885	6	12
57	89
59
33	46	83	44	28	
1	2	3	5	6	
5887	8	16
30	34
60
25	22	91	17	48	
1	3	4	5	6	
5951	7	14
247	2
61
29	39	6	9	89	
1	2	4	6	7	
6016	10	20
288	160
62
54	24	48	10	85	
2	3	5	6	7	
6086	5	10
96	107
63
22	21	96	12	5	
2	4	6	8	9	
6391	9	18
241	166
64
38	4	67	96	2	
2	4	5	6	8	
6444	9	18
218	204
65
18	29	63	90	13	
1	3	5	7	9	
6461	9	18
93	193
66
62	77	100	69	40	
2	3	4	5	7	
6473	9	18
238	256
67
63	14	24	53	11	
2	4	6	7	9	
6497	9	18
28	233
68
53	67	10	56	67	
1	2	3	4	6	
6824	5	10
84	250
69
30	77	4	89	70	
2	4	6	8	10	
6862	8	16
273	274
70
74	60	78	4	30	
1	3	4	5	7	
7124	5	10
233	273
71
91	9	83	12	88	
1	2	3	4	5	
7154	10	20
265	169
72
73	10	90	92	72	
1	2	4	6	8	
7204	10	20
235	203
73
18	63	91	8	76	
1	2	3	5	7	
7234	6	12
189	235
74
16	45	68	9	38	
2	4	5	7	8	
7337	5	10
252	18
75
76	40	99	75	5	
2	3	5	7	8	
7379	5	10
148	106
76
59	96	99	2	68	
1	3	4	6	8	
7408	9	18
144	48
77
52	80	54	31	31	
1	2	4	6	7	
7552	5	10
32	2
78
73	63	3	92	66	
2	3	5	7	8	
7571	9	18
222	108
79
52	95	99	3	88	
2	3	4	6	8	
7693	6	12
227	149
80
61	44	4	79	43	
1	3	4	5	7	
7748	10	20
105	211
81
10	20	69	29	44	
2	3	5	7	9	
7757	6	12
75	30
82
74	35	30	53	34	
2	4	5	7	8	
7823	6	12
129	203
83
92	79	36	81	97	
2	3	5	6	7	
8095	8	16
252	198
84
41	77	14	18	2	
1	3	5	6	7	
8156	7	14
92	178
85
50	62	71	26	80	
1	3	5	7	9	
8243	10	20
261	28
86
77	64	76	58	92	
1	2	4	5	6	
8420	8	16
247	118
87
42	96	26	25	17	
1	3	4	6	8	
8526	6	12
92	228
88
43	93	30	18	11	
1	2	4	5	6	
8856	7	14
155	18
89
13	100	73	59	36	
1	2	4	5	7	
9121	9	18
23	57
90
78	67	9	93	68	
1	3	5	7	8	
9238	5	10
285	81
91
12	14	80	59	46	
1	2	4	6	8	
9275	9	18
122	258
92
94	98	52	64	54	
1	3	5	6	8	
9381	7	14
23	297
93
97	1	42	8	96	
1	3	5	6	7	
9499	10	20
169	255
94
24	13	52	38	50	
2	3	4	6	8	
9631	10	20
9	231
95
90	60	33	2	69	
1	2	3	4	5	
9656	6	12
196	179
96
8	98	14	25	68	
2	4	5	6	7	
9743	10	20
65	91
97
32	72	20	29	90	
1	3	4	6	7	
9844	6	12
86	273
98
68	98	2	3	97	
2	3	4	6	7	
9881	8	16
112	10
99
51	69	16	42	80	
1	2	3	5	6	
9888	7	14
11	52
198	194
112	269