100	5	4000	9
0
32	78	57	100	33	
1	2	4	6	8	
227	5	10
20	136
1
60	70	17	75	48	
2	3	5	7	9	
266	7	14
270	70
2
68	18	52	62	77	
2	4	5	6	7	
267	5	10
281	161
3
82	98	13	72	45	
1	3	5	7	8	
278	9	18
194	264
4
81	16	87	84	81	
2	4	6	8	10	
488	8	16
185	275
5
28	34	100	15	32	
1	2	3	5	7	
703	6	12
287	27
6
97	36	77	72	73	
2	4	5	6	8	
703	9	18
28	186
7
3	4	84	71	59	
1	2	4	5	6	
801	8	16
116	95
8
71	19	22	71	1	
2	4	5	6	8	
807	6	12
74	72
9
69	79	62	99	93	
1	3	5	7	8	
890	7	14
199	132
10
38	63	82	81	42	
2	3	4	6	7	
955	10	20
296	14
11
23	59	13	12	30	
2	3	5	7	9	
1136	5	10
109	159
12
87	35	44	93	68	
2	3	4	5	6	
1171	6	12
108	24
13
17	99	27	6	50	
1	2	3	5	7	
1291	10	20
218	123
14
80	29	42	84	80	
2	3	4	6	8	
1450	7	14
166	26
15
51	26	33	37	27	
1	3	5	7	8	
1775	9	18
236	126
16
33	60	25	2	28	
2	3	4	6	8	
1794	6	12
33	105
17
75	81	30	23	93	
2	3	4	5	6	
1901	9	18
212	90
18
19	50	97	92	68	
1	3	5	6	7	
1926	5	10
250	256
19
49	97	66	66	70	
2	3	5	6	7	
1988	9	18
256	184
20
21	60	29	27	32	
1	2	4	5	6	
2108	6	12
69	45
21
35	84	35	81	9	
1	3	5	6	8	
2129	6	12
19	194
22
2	25	98	79	7	
2	3	5	6	7	
2327	9	18
175	211
23
27	51	69	16	34	
2	3	5	6	7	
2377	9	18
122	66
24
11	14	86	68	94	
1	3	5	6	8	
2902	9	18
257	84
25
28	28	1	97	13	
2	3	5	6	8	
3000	6	12
249	208
26
66	55	12	45	68	
2	4	6	7	8	
3081	6	12
251	119
27
41	1	40	70	10	
2	4	6	8	10	
3220	10	20
176	159
28
10	39	66	82	32	
1	3	5	7	9	
3220	8	16
23	277
29
60	81	44	53	80	
1	2	4	5	6	
3339	9	18
293	142
30
62	17	47	7	42	
1	2	4	6	8	
3454	10	20
5	116
31
97	87	75	41	54	
2	3	5	6	7	
3532	9	18
297	128
32
20	40	8	25	64	
1	3	5	7	8	
3610	7	14
222	32
33
55	1	27	70	4	
1	2	3	5	6	
3970	10	20
162	176
34
87	44	68	73	74	
1	2	4	5	7	
4093	6	12
193	24
35
85	45	54	3	44	
1	2	4	5	6	
4147	9	18
22	256
36
11	31	43	76	38	
2	3	5	6	7	
4150	5	10
244	45
37
18	44	88	72	21	
2	4	6	8	10	
4188	6	12
70	61
38
73	45	24	42	22	
2	3	4	5	6	
4209	6	12
220	174
39
51	76	68	34	37	
2	4	5	6	7	
4491	10	20
78	67
40
55	37	34	56	96	
1	2	3	5	6	
4494	6	12
253	68
41
35	57	16	77	47	
1	2	4	5	6	
4631	10	20
90	238
42
84	85	7	87	72	
2	4	6	8	10	
4666	7	14
77	182
43
44	90	26	44	31	
1	3	4	6	8	
4666	7	14
38	48
44
71	88	30	47	80	
2	3	4	6	8	
4967	9	18
213	198
45
15	7	97	76	68	
2	3	4	5	7	
5020	9	18
79	88
46
9	7	54	16	49	
2	3	5	6	8	
5127	9	18
248	198
47
53	94	85	2	60	
2	3	5	6	8	
5426	10	20
209	243
48
90	7	98	3	94	
2	3	4	5	7	
5445	8	16
259	232
49
26	14	44	32	20	
1	3	5	6	8	
5706	10	20
29	289
50
26	60	49	32	84	
1	2	4	5	6	
5710	7	14
0	73
51
26	58	72	87	16	
1	3	4	5	7	
5742	7	14
241	55
52
46	89	93	68	17	
2	4	6	8	9	
5795	8	16
137	259
53
78	57	4	69	56	
2	4	6	7	9	
5810	7	14
58	120
54
52	94	53	56	81	
2	3	5	7	9	
5812	5	10
177	195
55
79	43	84	38	67	
2	3	5	6	7	
5814	10	20
37	53
56
20	55	29	18	72	
2	3	5	6	7	
5845	9	18
22	39
57
90	30	61	6	75	
2	4	6	7	8	
5883	10	20
43	143
58
35	50	72	29	59	
1	3	4	5	7	
5966	8	16
189	278
59
58	94	89	76	21	
1	2	4	5	6	
5993	5	10
208	300
60
94	84	63	12	17	
1	3	5	7	9	
6121	10	20
23	35
61
37	7	14	21	72	
2	3	5	7	8	
6252	9	18
122	254
62
10	21	68	37	2	
2	4	5	6	7	
6318	7	14
116	138
63
69	62	64	30	65	
2	4	6	7	9	
6620	7	14
202	134
64
100	97	20	6	80	
2	4	6	7	8	
6636	8	16
35	267
65
67	12	84	21	53	
1	3	5	6	7	
6698	6	12
213	274
66
63	3	66	19	100	
2	4	6	8	9	
6830	10	20
293	164
67
34	66	38	94	50	
2	3	5	7	8	
6889	10	20
252	178
68
85	1	94	26	60	
1	2	3	4	6	
6922	5	10
132	224
69
19	50	3	2	12	
2	3	4	6	7	
6987	8	16
183	48
70
43	59	1	76	31	
1	2	4	6	8	
7022	7	14
158	115
71
93	99	83	97	18	
1	2	4	5	6	
7104	5	10
232	127
72
54	30	43	56	64	
2	3	5	6	7	
7158	5	10
162	168
73
98	38	8	80	60	
1	3	4	5	7	
7170	10	20
284	136
74
90	14	26	4	9	
2	4	6	7	8	
7240	7	14
190	89
75
69	57	90	41	38	
1	2	4	5	6	
7608	7	14
45	62
76
57	62	13	11	30	
2	4	5	7	8	
7975	5	10
71	4
77
51	60	95	5	25	
2	3	5	6	7	
7988	8	16
114	235
78
83	99	79	67	8	
1	2	3	4	6	
8001	6	12
230	80
79
8	88	2	77	93	
2	4	5	6	7	
8003	7	14
177	171
80
71	89	1	63	43	
2	3	5	6	7	
8020	7	14
87	173
81
10	69	24	7	78	
1	2	3	5	7	
8120	10	20
167	182
82
93	3	50	70	3	
2	4	5	7	9	
8218	10	20
9	166
83
7	94	56	71	14	
1	2	4	5	6	
8263	8	16
291	279
84
81	19	56	7	12	
1	3	4	6	8	
8300	6	12
92	37
85
9	83	49	11	11	
2	4	6	8	10	
8441	10	20
74	277
86
20	96	19	74	38	
1	2	3	5	7	
8621	8	16
59	272
87
79	28	8	63	70	
2	4	6	8	10	
8731	10	20
147	207
88
82	43	94	44	61	
1	3	4	6	8	
8820	10	20
185	31
89
60	38	37	74	91	
1	2	3	4	6	
8843	8	16
102	235
90
64	86	8	67	47	
2	3	4	5	6	
8882	8	16
101	176
91
27	19	48	52	63	
2	3	4	5	6	
9096	5	10
262	102
92
65	11	85	3	6	
1	3	5	7	8	
9114	10	20
286	142
93
42	36	84	67	65	
1	3	4	5	7	
9317	7	14
74	64
94
66	71	100	54	55	
2	3	5	6	8	
9385	8	16
298	193
95
71	87	30	96	66	
1	3	4	5	7	
9431	6	12
140	279
96
98	59	44	32	14	
1	3	5	6	8	
9644	5	10
49	86
97
36	14	12	96	10	
2	3	4	6	7	
9662	7	14
43	207
98
52	96	50	46	1	
1	2	4	6	7	
9866	7	14
248	222
99
57	34	68	47	17	
1	3	4	6	7	
9940	8	16
297	139
228	170
73	71