100	5	4000	18
0
84	71	78	34	76	
1	2	3	5	7	
41	10	20
236	25
1
29	58	18	61	84	
2	3	5	7	9	
85	5	10
109	178
2
41	4	58	56	98	
2	3	4	5	7	
95	10	20
268	76
3
23	21	66	23	91	
2	4	5	6	7	
135	10	20
140	261
4
33	9	38	71	97	
1	2	3	4	5	
156	8	16
58	270
5
32	17	72	48	88	
2	3	5	6	7	
173	8	16
11	104
6
46	56	86	91	31	
1	3	4	6	7	
387	9	18
286	291
7
97	32	51	82	26	
1	2	3	5	6	
746	10	20
9	267
8
2	95	72	24	44	
2	3	5	6	8	
958	9	18
119	53
9
99	31	93	31	16	
1	3	5	7	9	
1115	10	20
104	10
10
89	29	71	42	18	
1	2	3	5	7	
1268	10	20
220	227
11
13	4	47	62	82	
1	2	4	5	7	
1278	10	20
153	294
12
54	83	71	5	45	
2	4	6	7	8	
1310	9	18
215	265
13
49	49	86	74	75	
1	2	3	4	5	
1334	7	14
147	13
14
20	48	64	60	24	
1	2	3	4	5	
1540	5	10
274	243
15
62	76	31	23	80	
1	2	3	4	6	
1601	8	16
141	125
16
7	3	67	95	64	
1	3	5	7	8	
1894	5	10
69	7
17
17	49	42	63	83	
2	4	5	7	9	
1895	9	18
98	155
18
21	32	78	77	27	
1	3	4	5	6	
2122	5	10
125	299
19
60	54	72	86	48	
1	2	4	6	8	
2176	5	10
102	139
20
90	43	1	45	75	
1	3	4	5	7	
2215	10	20
270	238
21
46	69	52	20	67	
2	3	5	6	7	
2286	10	20
92	215
22
69	68	18	64	16	
2	4	5	7	9	
2397	8	16
60	130
23
20	33	4	60	21	
1	2	4	6	8	
2464	8	16
300	142
24
22	1	68	100	93	
2	3	5	6	7	
2553	9	18
187	47
25
88	23	59	50	9	
1	3	5	7	8	
2586	5	10
143	148
26
94	2	32	96	71	
2	4	6	7	9	
2592	5	10
278	254
27
27	97	62	7	88	
2	3	4	5	7	
2614	10	20
135	170
28
70	51	100	45	36	
2	3	5	6	7	
2820	6	12
52	288
29
73	58	10	52	89	
1	3	4	5	7	
2825	5	10
287	286
30
39	30	37	5	72	
1	2	4	5	6	
2841	7	14
14	199
31
10	12	47	20	23	
1	3	4	6	8	
2964	10	20
64	140
32
39	50	61	22	61	
1	3	5	6	8	
3003	5	10
69	67
33
68	33	93	64	8	
1	3	5	6	7	
3031	5	10
142	93
34
63	1	43	79	96	
2	4	5	6	7	
3079	5	10
249	23
35
66	34	38	2	58	
2	4	6	8	10	
3244	7	14
103	200
36
60	84	83	47	82	
2	3	4	5	7	
3628	10	20
131	214
37
52	70	37	59	43	
2	3	5	7	9	
3700	6	12
49	158
38
81	46	22	49	52	
1	2	3	5	6	
3723	9	18
291	61
39
9	96	61	41	81	
2	4	6	7	8	
3851	10	20
35	233
40
85	39	22	71	20	
1	3	5	7	8	
4376	7	14
204	197
41
78	85	34	28	14	
2	4	6	8	9	
4492	8	16
150	178
42
1	81	58	65	63	
1	2	3	4	5	
4537	9	18
128	116
43
30	7	5	85	4	
1	3	5	7	8	
4582	7	14
28	278
44
27	2	32	97	8	
2	3	4	5	7	
4600	7	14
266	0
45
95	42	2	15	55	
1	3	4	5	7	
4807	6	12
121	161
46
24	7	64	17	95	
1	2	4	6	7	
4854	10	20
237	207
47
53	15	41	39	62	
2	4	6	7	8	
4936	5	10
223	246
48
70	26	96	71	75	
1	3	4	6	7	
4937	5	10
182	74
49
31	18	36	88	91	
2	4	6	7	9	
4982	9	18
265	247
50
12	66	42	100	93	
1	2	3	4	5	
5208	9	18
175	10
51
4	82	30	27	51	
2	3	4	6	7	
5267	5	10
290	249
52
21	29	16	99	30	
1	3	4	5	7	
5532	5	10
22	229
53
70	82	60	16	45	
2	4	6	8	10	
5581	7	14
122	16
54
2	42	15	83	20	
2	4	6	7	8	
5619	6	12
37	245
55
18	92	20	12	20	
2	3	4	6	8	
5690	6	12
147	44
56
15	84	27	69	48	
2	4	6	7	8	
5858	5	10
14	48
57
10	9	52	77	13	
1	3	5	7	8	
5931	6	12
297	78
58
59	31	100	10	49	
2	4	5	6	8	
5938	6	12
200	64
59
99	29	20	41	45	
1	2	4	5	7	
6001	5	10
12	64
60
10	70	85	56	84	
1	3	4	5	7	
6070	5	10
253	236
61
8	41	55	15	75	
1	2	3	4	5	
6182	8	16
258	253
62
42	24	100	81	30	
2	4	6	8	10	
6281	9	18
100	201
63
60	67	45	5	47	
1	2	4	6	7	
6322	9	18
180	237
64
92	95	79	60	24	
1	2	3	4	5	
6482	5	10
285	25
65
75	65	82	70	66	
1	2	4	5	6	
6568	7	14
140	139
66
79	41	63	93	45	
2	4	5	7	8	
6963	9	18
201	137
67
89	13	59	5	85	
2	4	5	6	8	
7201	5	10
246	19
68
29	66	67	5	54	
1	2	4	5	6	
7280	5	10
261	193
69
99	47	74	75	90	
1	2	4	5	7	
7291	7	14
183	94
70
98	18	75	51	81	
2	4	6	7	9	
7320	7	14
264	17
71
90	67	89	53	40	
1	3	4	6	7	
7410	5	10
211	187
72
35	14	37	32	45	
1	2	4	6	7	
7503	10	20
42	103
73
28	96	96	74	99	
1	2	4	5	6	
7706	10	20
168	158
74
15	17	90	36	81	
2	3	4	5	6	
7712	5	10
294	149
75
8	93	85	5	26	
2	4	5	6	8	
8067	6	12
110	259
76
70	58	19	7	33	
1	2	4	6	8	
8090	6	12
255	150
77
61	32	23	45	49	
2	4	5	6	8	
8156	9	18
107	164
78
49	85	50	77	93	
1	3	4	6	7	
8163	8	16
90	239
79
12	24	77	74	90	
1	2	4	5	7	
8322	9	18
265	83
80
7	69	63	25	11	
1	3	5	6	8	
8425	10	20
235	76
81
77	67	16	80	100	
2	4	6	7	9	
8567	9	18
37	268
82
42	15	48	52	91	
2	4	6	8	10	
8604	10	20
26	56
83
94	47	77	39	60	
1	2	3	4	6	
8613	9	18
51	256
84
34	5	81	71	68	
2	3	5	7	9	
8649	9	18
45	145
85
46	58	18	55	74	
1	3	5	7	8	
8722	5	10
123	245
86
15	36	2	97	57	
2	4	6	8	10	
8725	6	12
243	77
87
80	14	37	64	44	
2	4	5	7	9	
8948	7	14
212	207
88
41	82	43	25	12	
1	3	4	6	7	
8976	7	14
88	90
89
95	45	3	49	89	
1	2	3	5	7	
9161	9	18
221	257
90
69	96	31	52	95	
1	2	4	6	8	
9245	7	14
277	140
91
100	35	18	73	14	
2	4	6	7	9	
9268	5	10
109	156
92
53	63	71	71	47	
2	4	5	6	7	
9295	8	16
177	245
93
10	66	82	91	52	
1	3	5	6	7	
9611	5	10
84	115
94
36	86	71	24	66	
1	3	4	6	8	
9645	9	18
100	264
95
59	100	67	63	1	
2	3	5	6	7	
9686	6	12
259	271
96
27	91	99	65	52	
1	3	5	6	7	
9737	8	16
97	37
97
2	75	88	23	70	
2	4	5	7	9	
9748	10	20
197	268
98
29	83	55	45	75	
1	2	4	5	7	
9929	5	10
276	147
99
66	74	49	52	68	
2	4	6	8	10	
9953	10	20
176	71
106	191
37	191