100	5	4000	17
0
97	76	75	72	58	
2	4	5	6	7	
9	6	12
211	145
1
43	80	29	52	24	
2	3	4	5	6	
73	10	20
258	72
2
97	11	48	49	99	
1	2	4	5	6	
94	9	18
44	121
3
3	5	34	49	25	
1	2	4	5	7	
177	6	12
15	268
4
97	16	86	22	67	
2	3	4	5	6	
530	8	16
144	66
5
6	35	51	68	33	
2	3	4	6	7	
763	8	16
277	11
6
32	32	24	79	78	
2	3	4	5	7	
797	6	12
253	285
7
49	31	39	34	41	
1	2	4	6	7	
823	5	10
281	72
8
37	38	3	77	35	
1	3	5	7	8	
837	7	14
211	292
9
14	6	83	38	8	
1	3	4	5	6	
1016	7	14
149	226
10
18	35	29	98	91	
2	4	6	7	9	
1122	6	12
222	110
11
34	96	98	52	22	
1	3	4	5	6	
1278	7	14
89	172
12
39	69	23	90	37	
2	3	4	6	7	
1292	8	16
280	4
13
40	43	23	30	27	
1	3	4	5	7	
1393	8	16
106	28
14
44	68	39	15	21	
1	3	5	7	8	
1429	10	20
294	14
15
68	37	9	26	96	
2	3	4	5	6	
1462	6	12
193	41
16
64	17	51	15	84	
2	4	5	7	9	
1618	8	16
186	102
17
87	71	97	91	89	
2	3	4	5	6	
1872	5	10
274	152
18
49	20	68	47	89	
2	4	5	6	8	
1886	7	14
107	219
19
30	72	9	54	83	
2	3	4	5	7	
1942	8	16
72	47
20
88	12	48	35	17	
2	3	4	5	6	
1949	10	20
260	69
21
31	85	38	15	52	
2	4	6	8	10	
2021	8	16
82	89
22
97	54	34	52	66	
1	3	4	6	7	
2183	5	10
192	37
23
42	46	81	68	54	
1	2	3	4	6	
2395	8	16
284	142
24
54	84	90	11	56	
1	2	4	6	8	
2458	10	20
264	129
25
11	56	82	67	80	
1	2	3	4	5	
2633	5	10
40	15
26
8	1	63	44	79	
2	4	6	7	9	
2751	8	16
193	23
27
68	57	41	5	35	
1	2	4	5	7	
2765	6	12
155	297
28
37	32	90	84	80	
1	3	4	5	7	
2922	9	18
27	228
29
35	47	91	37	6	
1	3	5	6	8	
3011	7	14
129	17
30
53	80	54	23	64	
1	2	4	6	7	
3156	9	18
6	188
31
57	24	13	65	73	
2	4	5	7	8	
3267	8	16
30	150
32
11	26	46	11	100	
2	3	5	6	7	
3393	7	14
110	63
33
78	61	5	11	85	
2	3	4	6	8	
3399	5	10
34	101
34
88	51	48	60	52	
2	3	5	7	9	
3467	8	16
156	125
35
65	98	3	7	32	
1	3	5	6	7	
3603	10	20
112	2
36
13	34	25	66	34	
2	4	6	7	8	
3729	6	12
265	283
37
59	85	61	98	93	
2	3	4	6	8	
3741	9	18
219	167
38
95	6	30	38	83	
2	4	6	7	8	
3773	8	16
93	39
39
51	9	78	30	16	
2	4	6	8	10	
3831	7	14
244	232
40
92	77	53	80	38	
1	3	5	7	9	
3893	7	14
73	123
41
20	98	37	21	92	
1	2	4	5	7	
3914	10	20
63	75
42
99	30	32	93	21	
2	4	6	8	10	
3993	8	16
9	261
43
24	98	37	97	88	
1	2	3	5	7	
4102	6	12
191	295
44
59	100	59	86	73	
1	3	4	5	6	
4171	6	12
1	61
45
4	74	21	72	79	
2	4	5	6	8	
4190	9	18
185	221
46
7	74	26	36	80	
1	3	4	5	6	
4237	6	12
214	35
47
99	86	81	70	14	
1	3	4	6	7	
4386	10	20
112	150
48
89	35	72	23	81	
2	4	5	7	9	
4428	9	18
76	70
49
100	25	47	69	4	
1	2	4	5	7	
4523	10	20
111	97
50
79	54	93	2	92	
1	2	4	5	6	
4580	9	18
45	285
51
66	68	99	82	8	
1	2	3	4	6	
4728	7	14
233	140
52
94	40	17	97	59	
1	3	4	6	8	
4750	9	18
158	61
53
98	39	61	99	21	
2	3	5	6	7	
4856	10	20
270	54
54
39	3	21	10	44	
1	3	5	7	9	
4889	9	18
213	145
55
15	17	5	97	91	
1	2	4	6	7	
4960	8	16
289	229
56
4	73	17	51	65	
1	3	4	6	7	
5029	10	20
71	114
57
2	32	77	42	33	
2	3	5	7	8	
5031	6	12
111	42
58
96	28	76	46	40	
2	3	4	6	8	
5236	5	10
236	179
59
98	71	3	9	15	
1	2	3	4	6	
5258	9	18
104	110
60
3	66	42	54	28	
1	3	5	6	8	
5508	7	14
91	169
61
18	48	79	31	41	
2	4	6	7	9	
5553	9	18
99	62
62
80	49	28	66	11	
1	2	3	5	7	
5895	7	14
209	19
63
45	57	22	6	37	
1	3	4	5	7	
6085	9	18
123	119
64
91	50	91	9	14	
1	2	3	5	7	
6126	5	10
297	295
65
37	76	61	52	77	
1	3	5	7	8	
6233	10	20
78	233
66
9	60	86	71	90	
2	4	6	8	9	
6282	7	14
89	38
67
22	62	35	49	10	
1	3	4	5	7	
6344	7	14
231	123
68
45	3	80	70	82	
1	2	3	4	5	
6567	5	10
117	10
69
3	30	68	46	8	
1	2	3	4	6	
6634	9	18
49	30
70
52	53	41	27	98	
1	3	5	7	8	
6689	7	14
53	81
71
4	69	37	16	92	
1	2	4	6	7	
6781	6	12
170	191
72
74	33	23	90	91	
2	3	5	6	7	
6796	9	18
106	206
73
78	29	42	9	94	
2	3	5	7	9	
7078	7	14
117	290
74
54	71	6	53	84	
2	3	4	6	7	
7181	7	14
0	289
75
25	46	57	2	44	
2	4	5	7	9	
7295	6	12
211	252
76
13	4	20	97	3	
1	3	4	5	6	
7319	5	10
276	120
77
91	32	94	23	38	
2	3	5	7	9	
7392	5	10
18	78
78
21	9	14	32	51	
1	2	3	5	6	
7581	9	18
46	87
79
64	89	93	86	29	
1	2	3	4	5	
7669	6	12
237	105
80
55	68	5	13	63	
2	4	5	7	9	
7895	7	14
200	87
81
25	48	100	80	13	
1	2	4	6	8	
8401	9	18
158	263
82
4	45	34	45	65	
1	2	4	5	6	
8423	5	10
165	234
83
96	38	19	23	73	
1	2	4	6	7	
8445	10	20
283	277
84
28	33	69	10	19	
1	3	5	7	9	
8559	9	18
79	114
85
71	26	30	53	88	
2	3	5	7	9	
8627	7	14
73	255
86
64	68	83	84	84	
2	4	6	7	8	
8683	5	10
222	219
87
84	62	37	93	34	
1	2	4	6	8	
8713	6	12
277	123
88
32	90	21	40	13	
1	2	3	5	7	
8844	8	16
291	152
89
19	46	17	14	48	
1	3	5	6	8	
8897	8	16
51	258
90
48	20	48	8	9	
2	3	4	6	7	
8935	9	18
152	113
91
26	42	2	27	23	
2	3	4	5	7	
9076	6	12
85	17
92
23	93	20	27	52	
2	4	5	6	8	
9533	6	12
201	0
93
16	14	27	49	3	
1	2	4	5	7	
9568	8	16
222	49
94
54	2	85	3	73	
1	3	4	5	6	
9594	5	10
43	219
95
22	49	5	62	10	
2	4	5	7	9	
9735	9	18
137	184
96
61	7	54	80	50	
1	3	5	6	7	
9759	9	18
214	40
97
93	99	56	16	90	
1	3	4	5	7	
9779	10	20
40	189
98
49	6	44	28	43	
2	3	4	6	8	
9848	10	20
238	135
99
41	95	3	29	12	
2	4	6	7	9	
10000	9	18
268	198
129	101
21	96