100	5	4000	12
0
19	76	66	76	93	
1	3	4	5	7	
64	7	14
12	39
1
39	24	87	98	30	
1	2	4	6	8	
102	9	18
20	257
2
96	92	98	46	92	
2	4	5	7	9	
149	6	12
161	298
3
37	35	53	92	41	
2	3	4	6	7	
180	8	16
257	249
4
24	21	53	98	69	
2	4	6	8	9	
265	10	20
193	78
5
45	33	7	64	23	
1	3	4	5	6	
683	7	14
176	87
6
22	47	27	59	67	
2	4	5	7	9	
684	8	16
44	297
7
8	11	24	33	11	
1	3	5	6	7	
768	9	18
8	82
8
84	58	87	93	64	
1	2	3	5	7	
810	7	14
11	29
9
95	3	41	54	89	
2	4	6	7	9	
853	5	10
34	221
10
8	44	5	78	22	
1	3	4	5	7	
940	7	14
33	248
11
99	44	40	47	82	
1	2	4	6	8	
969	9	18
111	264
12
99	10	28	68	38	
1	3	4	6	7	
978	7	14
92	184
13
42	33	28	86	42	
1	2	4	5	6	
978	10	20
276	88
14
40	67	76	80	28	
1	2	3	5	7	
1103	10	20
162	212
15
44	68	38	92	91	
1	3	5	7	8	
1108	6	12
42	87
16
97	94	8	43	70	
1	3	4	6	8	
1124	9	18
249	93
17
9	59	79	39	47	
1	2	3	5	6	
1222	7	14
38	144
18
89	7	53	42	92	
1	3	5	7	8	
1497	9	18
47	214
19
13	93	31	93	85	
1	2	4	6	7	
1680	9	18
159	197
20
84	86	15	30	30	
1	3	5	7	9	
1731	10	20
176	28
21
12	93	18	22	43	
2	4	6	7	9	
1740	10	20
3	96
22
30	18	8	80	72	
1	3	5	6	7	
1830	7	14
188	177
23
57	63	97	42	4	
1	2	3	4	5	
1928	6	12
183	244
24
54	47	57	39	28	
2	4	5	7	8	
2122	9	18
170	260
25
25	13	99	18	84	
1	3	5	7	9	
2190	9	18
120	60
26
55	1	81	51	95	
2	4	6	8	10	
2229	7	14
292	212
27
20	17	92	3	42	
1	2	3	5	7	
2562	7	14
291	31
28
3	48	67	7	29	
1	2	3	4	5	
2565	5	10
131	177
29
45	88	69	14	48	
1	2	4	5	7	
2662	5	10
72	264
30
31	80	53	2	14	
2	4	6	8	10	
2798	9	18
21	187
31
14	30	14	59	52	
2	3	5	6	8	
2866	9	18
237	251
32
98	85	38	4	5	
1	2	4	5	7	
2899	10	20
221	258
33
74	84	58	28	30	
1	3	5	6	8	
2968	6	12
230	296
34
73	56	50	7	37	
2	3	5	7	8	
3016	9	18
32	217
35
66	9	91	85	80	
1	3	5	7	9	
3085	10	20
273	180
36
16	12	90	25	92	
2	4	6	7	8	
3119	10	20
6	37
37
44	77	16	80	88	
2	4	5	7	9	
3241	6	12
22	195
38
91	8	23	87	26	
1	2	3	5	6	
3267	7	14
219	163
39
73	50	34	69	1	
2	3	4	5	6	
3446	10	20
125	11
40
92	75	75	21	51	
1	2	4	6	7	
3457	10	20
248	3
41
44	38	8	68	64	
2	4	5	7	8	
3513	10	20
142	246
42
56	77	88	61	13	
1	3	4	5	7	
3599	10	20
227	156
43
74	19	80	53	32	
1	3	5	6	7	
3621	6	12
15	66
44
77	83	9	60	94	
1	2	4	6	8	
3701	10	20
115	180
45
86	5	57	84	29	
2	4	6	7	9	
3978	7	14
239	136
46
83	20	100	45	20	
1	3	5	7	9	
4003	9	18
189	146
47
35	42	33	69	85	
2	3	4	6	7	
4071	8	16
102	287
48
52	7	40	89	19	
2	4	6	7	8	
4199	10	20
26	217
49
95	93	72	76	97	
1	3	5	6	7	
4307	9	18
274	164
50
85	46	70	98	4	
1	3	5	6	8	
4448	7	14
133	33
51
74	14	20	70	3	
2	3	4	5	7	
4638	9	18
51	186
52
50	73	71	91	49	
1	3	4	6	7	
5011	10	20
122	5
53
8	53	10	20	22	
1	2	4	6	7	
5161	10	20
206	201
54
23	85	66	11	5	
1	3	5	6	8	
5231	10	20
65	220
55
16	59	41	90	24	
2	3	4	5	6	
5278	8	16
300	154
56
52	62	14	63	41	
1	2	4	6	7	
5345	5	10
157	77
57
89	62	1	46	93	
2	4	5	6	8	
5430	6	12
58	149
58
13	73	19	24	57	
2	3	4	5	7	
5434	9	18
195	127
59
30	43	48	14	89	
1	3	4	5	6	
5628	7	14
242	13
60
7	25	10	19	47	
2	4	6	7	9	
5718	10	20
48	127
61
60	100	41	33	61	
2	4	6	7	9	
5722	6	12
172	24
62
68	52	55	12	11	
2	3	4	5	6	
5739	9	18
246	1
63
84	34	74	61	20	
2	3	4	5	6	
5813	7	14
127	273
64
27	92	83	90	23	
1	3	4	5	7	
5883	6	12
93	280
65
5	89	90	36	69	
1	3	5	7	8	
5997	10	20
168	115
66
63	78	9	95	6	
2	3	5	7	8	
6122	8	16
16	288
67
83	98	8	100	40	
2	4	6	8	9	
6165	9	18
67	49
68
58	85	37	38	29	
2	4	6	8	10	
6265	6	12
161	294
69
19	83	65	14	73	
1	3	4	5	6	
6447	9	18
43	80
70
14	17	80	49	10	
1	2	4	6	7	
6531	10	20
38	27
71
66	16	35	37	10	
1	2	4	6	7	
6540	5	10
127	20
72
100	18	62	86	4	
2	4	6	8	10	
6560	7	14
93	97
73
64	19	86	4	50	
1	3	4	6	8	
6608	9	18
94	210
74
15	51	1	69	59	
1	3	5	6	8	
6661	6	12
163	107
75
62	61	33	69	93	
1	2	4	5	6	
6798	5	10
207	103
76
45	14	75	16	38	
2	4	5	7	8	
6932	10	20
211	161
77
48	56	17	39	19	
1	3	4	6	7	
7021	6	12
227	265
78
23	31	42	21	49	
2	3	5	7	8	
7071	10	20
242	124
79
99	86	95	43	20	
2	4	5	6	7	
7137	6	12
252	240
80
56	72	24	35	13	
1	3	5	7	9	
7180	9	18
242	20
81
43	73	60	60	44	
2	3	4	5	6	
7426	10	20
58	281
82
18	8	11	36	22	
2	4	6	7	8	
7441	9	18
280	137
83
25	95	2	50	31	
1	2	3	5	6	
7673	7	14
86	180
84
26	7	83	50	6	
2	4	5	7	8	
7904	5	10
71	228
85
71	100	81	69	51	
1	2	4	6	8	
8223	8	16
29	248
86
89	40	88	49	88	
2	4	6	8	9	
8259	10	20
119	151
87
10	7	97	54	73	
1	2	3	5	7	
8347	7	14
80	274
88
75	8	91	82	33	
1	3	4	5	6	
8372	5	10
104	103
89
91	44	65	76	37	
1	2	4	5	6	
8678	7	14
269	270
90
99	67	23	71	55	
2	3	5	6	8	
8859	10	20
24	152
91
56	65	52	17	50	
2	4	5	6	8	
8939	7	14
224	154
92
14	83	37	6	40	
2	3	5	6	7	
8966	8	16
200	71
93
22	46	82	27	47	
2	3	5	6	8	
8977	10	20
237	0
94
15	8	52	33	93	
2	3	4	6	7	
9017	9	18
132	86
95
85	81	1	67	91	
2	3	5	7	8	
9178	8	16
43	250
96
61	97	68	40	21	
2	4	5	7	8	
9328	10	20
224	288
97
89	53	37	36	42	
2	4	6	8	9	
9472	8	16
172	186
98
49	72	6	41	11	
2	3	5	6	7	
9840	7	14
246	281
99
92	34	66	77	4	
1	2	3	5	6	
9972	7	14
191	27
81	250
188	123