100	5	4000	6
0
91	98	100	69	33	
2	4	6	8	9	
136	8	16
72	266
1
66	64	72	76	12	
2	4	5	7	8	
205	10	20
238	63
2
96	29	35	69	23	
1	3	4	6	7	
391	9	18
127	286
3
50	33	8	72	1	
1	3	5	7	8	
403	9	18
289	42
4
96	9	14	26	71	
2	4	5	6	8	
675	6	12
123	213
5
68	100	41	87	39	
1	3	5	6	8	
740	10	20
167	209
6
46	90	54	93	37	
1	3	5	6	8	
792	6	12
84	220
7
24	76	77	96	66	
2	4	6	8	9	
928	9	18
208	53
8
83	77	58	18	39	
2	4	5	7	8	
1112	9	18
57	33
9
94	55	90	82	50	
1	2	3	5	7	
1119	10	20
25	96
10
91	26	1	11	92	
1	2	4	6	8	
1189	5	10
286	109
11
5	92	67	33	25	
2	3	5	6	8	
1615	8	16
108	48
12
29	91	9	21	91	
1	2	3	4	5	
1838	5	10
275	122
13
52	74	45	65	29	
2	4	6	7	9	
1875	7	14
94	162
14
69	19	17	73	42	
2	3	4	6	7	
1914	6	12
52	35
15
43	22	42	19	91	
1	2	3	4	5	
1958	10	20
83	219
16
28	93	73	67	73	
1	2	3	4	6	
2085	10	20
157	21
17
30	79	32	41	11	
2	4	6	7	9	
2113	6	12
125	92
18
6	2	13	66	38	
1	2	4	5	7	
2115	6	12
240	40
19
3	52	52	35	15	
2	4	5	7	8	
2266	10	20
63	36
20
24	69	18	50	34	
1	3	5	7	8	
2284	8	16
125	127
21
75	56	25	13	41	
2	4	5	7	9	
2329	10	20
217	120
22
34	44	63	76	80	
2	3	4	6	7	
2618	5	10
73	155
23
63	3	96	83	80	
1	3	5	7	9	
2796	7	14
123	59
24
55	57	30	24	67	
1	2	3	4	6	
2854	5	10
113	118
25
64	4	22	5	62	
2	3	5	6	8	
2901	9	18
105	212
26
25	18	33	32	67	
2	3	5	6	8	
3168	8	16
189	63
27
57	41	40	69	36	
2	4	5	6	8	
3272	10	20
159	139
28
60	80	66	26	39	
2	4	6	7	9	
3401	9	18
207	13
29
100	45	70	62	53	
2	3	4	6	7	
3437	8	16
133	293
30
84	45	68	69	68	
2	3	4	6	7	
3548	9	18
114	147
31
39	3	68	27	26	
1	2	4	6	7	
3743	5	10
158	151
32
11	25	1	63	16	
2	4	5	7	8	
3955	5	10
257	249
33
51	66	17	100	38	
1	2	4	5	7	
4013	10	20
277	277
34
80	26	18	97	18	
2	4	6	7	9	
4039	6	12
234	160
35
71	64	43	41	44	
2	4	6	8	10	
4271	5	10
63	277
36
72	3	55	4	41	
2	4	6	8	9	
4291	5	10
41	18
37
4	95	67	5	77	
1	3	5	7	9	
4475	6	12
63	16
38
2	59	35	2	57	
2	4	6	7	8	
4683	8	16
162	125
39
49	81	35	77	71	
2	3	4	5	7	
4727	9	18
93	108
40
9	33	1	68	66	
2	4	5	7	9	
4859	8	16
112	3
41
57	35	69	41	27	
1	3	4	6	7	
4944	6	12
220	292
42
65	79	80	31	18	
1	3	5	6	7	
4944	9	18
230	210
43
46	9	53	93	47	
2	4	6	8	10	
5096	10	20
252	228
44
4	25	31	46	23	
2	4	6	8	10	
5255	7	14
263	80
45
48	38	53	76	15	
2	4	5	7	8	
5321	7	14
144	136
46
66	89	55	45	66	
2	4	5	7	9	
5357	6	12
97	191
47
45	99	14	59	10	
2	4	5	6	8	
5413	7	14
183	285
48
74	99	95	58	56	
1	3	5	6	8	
5522	9	18
153	246
49
22	27	44	39	23	
1	2	4	6	7	
5558	10	20
5	270
50
79	85	65	7	73	
2	3	5	6	7	
5702	8	16
134	8
51
76	24	20	12	64	
2	3	4	6	8	
5731	5	10
25	237
52
22	51	37	83	90	
2	3	5	7	8	
5869	9	18
289	199
53
45	48	7	24	37	
2	3	4	5	7	
5995	8	16
86	154
54
18	30	56	93	4	
1	3	5	6	7	
6031	10	20
259	238
55
100	77	70	93	29	
1	2	4	5	7	
6051	8	16
99	118
56
12	100	8	60	15	
2	4	6	7	8	
6053	7	14
178	279
57
26	73	91	88	4	
1	2	3	5	6	
6232	6	12
258	62
58
23	23	2	35	74	
2	4	6	7	8	
6294	9	18
291	212
59
59	56	83	26	72	
1	3	4	5	6	
6492	9	18
106	42
60
88	27	92	78	79	
1	2	3	5	6	
6602	6	12
106	244
61
64	21	17	84	44	
2	3	4	6	8	
6620	8	16
43	300
62
37	50	54	33	65	
2	3	4	5	7	
6684	8	16
12	202
63
98	45	6	77	72	
2	4	5	7	9	
6796	7	14
176	100
64
27	50	14	74	2	
1	2	3	5	6	
6937	6	12
150	170
65
42	10	89	9	89	
2	3	5	7	8	
6973	7	14
55	91
66
52	50	88	54	49	
2	3	4	6	8	
7096	6	12
61	239
67
90	29	94	96	35	
1	3	5	6	8	
7200	5	10
190	117
68
69	72	24	39	41	
1	2	3	4	5	
7227	7	14
195	138
69
46	22	68	35	91	
2	3	5	7	9	
7305	9	18
292	80
70
88	77	40	72	23	
2	3	4	6	7	
7326	10	20
181	261
71
74	37	42	83	29	
1	2	3	5	7	
7416	10	20
218	247
72
88	50	22	47	93	
1	2	3	4	5	
7567	10	20
55	0
73
17	96	59	44	60	
2	4	5	7	9	
7869	5	10
265	74
74
65	96	95	84	44	
1	2	4	6	7	
7900	7	14
43	245
75
62	37	3	58	15	
1	3	5	6	7	
7927	5	10
55	146
76
40	53	94	25	76	
2	3	4	6	7	
8007	10	20
50	233
77
39	66	40	57	88	
2	3	4	6	7	
8045	9	18
297	205
78
94	70	52	39	1	
2	3	4	5	6	
8074	7	14
54	149
79
12	60	43	19	86	
1	2	3	5	6	
8108	10	20
213	67
80
73	8	36	33	63	
1	3	4	5	6	
8136	9	18
170	283
81
73	58	84	34	68	
1	2	3	5	7	
8258	5	10
103	255
82
50	7	66	33	38	
2	3	5	7	9	
8320	5	10
225	213
83
63	45	93	61	47	
2	4	5	7	9	
8332	9	18
115	44
84
36	86	30	49	55	
1	2	4	5	7	
8366	7	14
128	31
85
50	86	7	9	4	
1	3	5	7	9	
8389	9	18
254	233
86
99	82	48	66	52	
2	3	5	7	9	
8738	8	16
162	168
87
78	39	47	7	92	
1	2	3	4	5	
8758	7	14
111	81
88
6	56	10	10	3	
1	2	3	5	6	
9102	10	20
78	194
89
100	86	72	41	79	
2	4	5	7	8	
9109	6	12
150	83
90
7	66	30	10	94	
1	2	4	5	6	
9197	10	20
219	251
91
23	8	80	53	79	
1	2	4	6	7	
9215	8	16
249	23
92
100	100	3	76	62	
2	4	6	8	10	
9242	7	14
89	240
93
1	12	44	8	13	
1	2	3	5	6	
9578	9	18
116	8
94
50	80	31	41	5	
2	3	4	5	6	
9702	10	20
101	202
95
45	86	97	79	87	
1	3	5	7	8	
9726	8	16
139	131
96
57	34	35	64	83	
1	2	3	5	7	
9831	6	12
56	31
97
50	23	11	27	64	
1	2	3	5	6	
9893	5	10
295	207
98
7	34	21	11	21	
1	3	5	6	8	
9975	9	18
19	43
99
65	15	93	54	3	
1	2	3	4	6	
9979	7	14
205	169
190	98
269	66