100	5	4000	13
0
39	80	80	42	99	
2	4	5	6	8	
20	8	16
58	122
1
24	26	97	88	30	
2	3	4	6	8	
185	9	18
231	13
2
99	100	3	56	75	
1	2	3	5	6	
336	9	18
78	72
3
35	37	69	75	95	
2	3	5	7	9	
351	5	10
105	132
4
54	9	89	36	30	
1	3	5	6	8	
527	7	14
215	226
5
39	66	68	90	75	
1	3	4	6	7	
545	6	12
169	79
6
74	80	4	52	82	
2	3	4	5	6	
570	5	10
122	138
7
93	3	34	13	23	
1	2	4	5	6	
676	7	14
213	112
8
87	55	23	37	29	
1	3	5	7	9	
690	9	18
183	22
9
2	8	13	48	88	
1	2	4	6	7	
1119	10	20
23	156
10
55	2	28	6	8	
1	3	5	6	8	
1201	10	20
278	98
11
86	83	97	33	12	
2	3	4	5	7	
1228	7	14
0	273
12
14	41	50	89	51	
2	4	5	7	8	
1359	8	16
155	26
13
94	4	37	65	3	
1	3	5	7	9	
1430	7	14
14	183
14
55	73	29	83	63	
1	2	3	4	6	
1438	5	10
114	189
15
53	81	29	49	82	
1	2	4	5	7	
1581	8	16
130	80
16
59	14	83	88	78	
2	3	4	6	7	
1653	6	12
291	185
17
22	57	29	6	80	
1	2	3	4	6	
1749	8	16
133	84
18
61	47	48	30	66	
2	4	5	7	8	
1885	7	14
107	250
19
40	94	63	81	46	
2	3	4	6	7	
1943	5	10
278	66
20
94	45	47	3	77	
2	4	5	7	8	
1993	7	14
16	204
21
60	91	15	85	23	
1	2	4	6	8	
1997	9	18
190	141
22
14	40	58	73	30	
2	3	5	7	8	
2151	7	14
145	16
23
64	1	15	36	25	
1	3	4	6	8	
2241	7	14
141	109
24
94	3	48	85	7	
1	3	4	6	8	
2372	6	12
281	30
25
10	60	69	73	17	
2	4	6	7	9	
2467	9	18
173	38
26
85	50	45	21	83	
1	2	3	5	7	
2489	10	20
196	232
27
17	70	77	2	16	
2	3	4	6	8	
2528	7	14
98	136
28
38	22	80	88	5	
1	3	4	5	7	
2679	9	18
173	238
29
59	27	39	54	2	
1	3	5	7	8	
2764	6	12
268	157
30
57	41	100	86	34	
2	4	6	8	9	
3077	10	20
179	120
31
73	43	14	36	59	
1	3	4	5	7	
3288	8	16
291	135
32
34	31	9	65	10	
2	3	5	6	7	
3427	9	18
245	167
33
73	82	32	36	47	
1	3	5	7	9	
3439	5	10
268	270
34
2	27	79	45	54	
1	3	5	7	8	
3536	9	18
279	98
35
65	15	42	2	96	
1	2	3	5	6	
3614	8	16
84	288
36
85	62	56	60	60	
1	3	5	6	8	
3655	7	14
37	128
37
61	64	90	82	68	
1	3	5	7	9	
3726	7	14
227	70
38
62	14	16	30	66	
1	3	4	5	6	
3732	7	14
264	78
39
38	48	68	80	27	
2	3	4	6	8	
3996	6	12
122	192
40
8	79	68	93	2	
2	4	5	7	8	
4054	8	16
165	183
41
84	54	92	16	81	
2	3	4	5	6	
4103	7	14
182	76
42
14	88	89	16	16	
1	2	3	4	6	
4230	10	20
125	130
43
8	96	27	27	74	
1	3	5	7	8	
4379	7	14
153	59
44
3	7	36	73	45	
2	3	5	7	9	
4494	6	12
190	14
45
61	89	50	91	98	
1	3	4	5	6	
4748	8	16
260	258
46
83	89	25	93	76	
2	4	5	6	7	
4871	6	12
107	106
47
46	30	89	59	84	
1	3	5	6	8	
4888	5	10
79	270
48
92	7	39	48	70	
2	4	5	6	8	
4962	8	16
15	161
49
32	92	84	15	27	
2	4	5	7	8	
5103	6	12
182	280
50
63	12	67	65	49	
2	4	6	7	8	
5404	7	14
164	292
51
59	64	80	10	77	
2	3	4	5	7	
5500	10	20
149	66
52
2	68	67	74	46	
1	3	5	6	8	
5522	7	14
281	80
53
2	52	17	24	31	
2	4	5	6	8	
5553	7	14
173	287
54
37	12	21	71	71	
2	4	5	7	9	
5646	9	18
200	211
55
70	67	61	100	97	
2	4	5	6	7	
5728	7	14
13	175
56
65	23	34	47	10	
1	3	5	6	8	
5806	5	10
116	244
57
54	74	23	12	66	
2	3	5	7	9	
5814	6	12
209	10
58
34	56	77	14	50	
2	4	6	8	9	
5877	9	18
159	223
59
23	44	41	20	31	
2	4	5	6	8	
5913	7	14
67	284
60
19	84	7	45	11	
1	2	4	5	6	
6444	6	12
187	33
61
96	16	71	12	75	
1	2	4	6	7	
6554	8	16
295	16
62
53	51	60	50	22	
2	3	4	6	8	
6712	7	14
74	58
63
27	79	77	40	74	
1	2	3	5	7	
6748	7	14
58	258
64
84	4	24	82	70	
2	3	4	6	8	
6862	10	20
102	55
65
64	81	62	81	72	
2	4	6	7	9	
6936	9	18
57	151
66
6	1	29	43	24	
1	2	3	4	5	
6998	10	20
99	286
67
72	42	21	86	81	
1	3	4	6	8	
7175	7	14
285	141
68
47	29	9	40	70	
1	2	4	5	6	
7193	6	12
267	209
69
49	8	21	75	42	
2	4	5	7	9	
7433	7	14
107	186
70
54	72	14	4	67	
1	3	5	6	8	
7482	5	10
239	193
71
65	100	98	82	97	
2	3	4	5	6	
7622	10	20
25	199
72
15	5	91	86	44	
1	3	4	5	7	
7668	10	20
152	91
73
45	77	76	10	63	
2	3	4	6	7	
7813	8	16
54	270
74
92	72	22	23	100	
1	2	4	5	6	
7970	5	10
66	134
75
64	59	41	16	68	
1	2	3	4	5	
8069	9	18
38	40
76
71	13	14	74	77	
2	3	4	6	8	
8094	8	16
92	159
77
89	12	16	12	88	
2	3	4	6	7	
8193	7	14
232	268
78
23	90	68	31	80	
2	3	4	6	8	
8229	10	20
30	81
79
6	6	2	48	92	
2	3	5	7	9	
8270	10	20
252	224
80
52	19	93	78	45	
2	3	5	7	9	
8357	6	12
144	131
81
71	33	34	74	1	
2	3	5	6	7	
8410	9	18
254	171
82
30	90	42	10	97	
2	3	5	7	9	
8463	10	20
131	150
83
90	69	96	68	15	
2	4	5	6	7	
8466	6	12
52	246
84
52	13	96	46	60	
1	2	4	5	6	
8637	8	16
169	291
85
58	61	93	11	46	
1	3	5	6	8	
8659	6	12
233	119
86
86	19	16	17	10	
1	2	4	6	7	
8675	10	20
264	288
87
32	5	34	81	19	
2	3	5	6	8	
8680	7	14
113	188
88
90	93	9	2	58	
1	2	3	4	6	
8739	7	14
255	59
89
66	87	12	57	29	
2	4	5	7	9	
8741	10	20
17	169
90
41	23	39	24	24	
1	3	4	5	7	
8753	10	20
241	215
91
3	33	14	26	58	
1	3	4	5	6	
8820	6	12
137	233
92
28	76	9	85	78	
2	3	5	6	8	
8963	9	18
259	214
93
99	76	45	98	21	
1	3	5	6	7	
9047	8	16
187	284
94
17	86	12	47	64	
1	2	3	4	6	
9309	5	10
208	12
95
52	39	89	5	82	
1	2	3	5	6	
9410	9	18
240	165
96
33	86	32	11	14	
1	2	4	5	6	
9428	9	18
169	95
97
96	67	58	75	17	
1	3	4	6	8	
9817	10	20
95	76
98
30	74	53	70	90	
2	3	5	7	8	
9958	7	14
68	33
99
70	59	61	14	44	
1	2	4	6	7	
9972	6	12
174	154
117	236
244	273