100	5	4000	3
0
93	72	23	37	87	
2	3	5	7	9	
116	9	18
117	276
1
84	76	54	33	12	
2	4	6	8	10	
282	6	12
288	267
2
70	92	58	27	58	
2	3	4	5	7	
347	6	12
18	113
3
94	93	24	95	68	
2	3	5	6	8	
439	7	14
51	288
4
36	40	6	39	22	
1	2	4	5	7	
512	9	18
270	204
5
12	87	10	41	77	
1	3	5	6	7	
606	9	18
260	68
6
25	65	39	8	75	
1	2	3	4	5	
769	8	16
216	122
7
20	71	91	98	21	
1	2	3	5	7	
1039	9	18
30	51
8
65	75	2	90	9	
1	2	3	4	5	
1127	6	12
262	191
9
22	67	35	71	65	
2	4	5	7	9	
1161	7	14
224	167
10
20	6	73	26	59	
2	3	5	7	8	
1168	8	16
2	266
11
26	4	96	37	95	
2	3	4	5	7	
1199	6	12
35	225
12
44	27	12	71	11	
1	3	4	6	7	
1265	10	20
263	156
13
51	90	49	58	61	
2	3	4	6	7	
1307	10	20
192	189
14
80	45	73	66	58	
1	2	4	5	6	
1420	9	18
119	188
15
70	60	78	27	37	
2	4	5	6	7	
1506	5	10
93	151
16
99	54	77	6	81	
1	3	4	5	7	
1993	8	16
68	64
17
25	25	9	28	18	
2	3	4	5	7	
1997	6	12
138	84
18
95	23	61	78	80	
1	3	5	7	9	
2025	5	10
169	42
19
21	46	8	33	19	
2	4	5	6	8	
2494	9	18
295	79
20
68	72	60	17	47	
2	3	5	6	7	
2528	7	14
71	191
21
14	10	43	41	37	
2	4	6	7	9	
2586	9	18
47	208
22
73	45	12	37	81	
2	3	4	6	8	
2638	7	14
206	45
23
54	73	5	33	86	
1	2	3	4	5	
2856	6	12
108	105
24
85	25	90	99	68	
2	4	5	6	8	
2872	9	18
26	256
25
27	81	59	81	24	
2	3	4	5	6	
2889	8	16
281	125
26
50	16	25	86	67	
2	4	6	7	9	
2898	8	16
35	243
27
77	84	57	95	29	
2	3	4	5	6	
2949	5	10
109	114
28
39	64	28	93	82	
2	3	5	7	8	
3197	9	18
96	253
29
23	68	89	14	55	
1	3	5	7	8	
3516	7	14
284	85
30
78	76	21	100	24	
1	2	4	6	7	
3527	10	20
19	252
31
82	45	2	58	25	
2	3	5	6	8	
3632	7	14
204	185
32
68	51	63	48	86	
2	4	6	8	10	
3664	7	14
51	169
33
3	23	87	24	85	
2	3	4	6	8	
3845	7	14
282	250
34
11	61	12	28	71	
1	3	4	6	8	
3937	9	18
176	136
35
34	80	21	78	93	
1	2	4	5	6	
3938	5	10
237	275
36
44	51	55	70	59	
1	2	3	4	6	
3944	9	18
136	167
37
28	63	55	100	28	
1	3	4	6	7	
3974	5	10
205	216
38
71	22	78	16	11	
2	3	5	7	8	
4092	8	16
248	117
39
29	62	56	78	36	
2	4	6	8	10	
4202	9	18
142	233
40
84	68	89	98	34	
2	3	4	5	6	
4244	5	10
98	197
41
95	71	6	20	45	
2	3	5	7	8	
4342	8	16
93	12
42
18	16	92	84	15	
1	2	4	6	8	
4440	6	12
261	131
43
81	3	77	58	84	
1	2	4	6	8	
4641	6	12
195	23
44
34	40	18	18	80	
1	3	5	7	9	
4731	9	18
68	7
45
24	82	89	64	98	
2	3	5	7	9	
4818	8	16
261	180
46
8	70	60	94	52	
2	4	5	7	9	
4940	6	12
8	167
47
83	59	82	14	16	
1	3	5	7	9	
5039	5	10
30	91
48
14	4	90	59	8	
1	3	4	6	7	
5238	10	20
100	39
49
40	77	23	22	81	
2	4	6	8	10	
5243	9	18
79	299
50
65	80	84	66	27	
2	4	5	7	8	
5281	5	10
47	184
51
93	80	38	28	40	
2	3	5	6	7	
5383	6	12
126	115
52
83	37	90	41	21	
1	3	4	6	7	
5405	5	10
95	29
53
39	90	64	49	59	
1	3	5	7	9	
5523	9	18
49	138
54
11	62	24	62	26	
2	3	5	7	9	
5610	9	18
18	33
55
17	62	23	52	53	
2	4	5	6	7	
5875	10	20
79	141
56
42	63	4	21	93	
1	2	3	5	7	
5908	5	10
83	204
57
20	100	13	6	49	
1	2	3	5	6	
6024	6	12
243	71
58
29	13	44	27	32	
1	3	5	6	7	
6231	5	10
300	178
59
33	32	98	32	32	
1	2	4	6	7	
6389	10	20
158	75
60
21	11	89	97	5	
1	2	4	6	7	
6438	9	18
65	220
61
27	31	52	81	57	
2	4	5	6	7	
6645	5	10
144	78
62
41	67	44	85	78	
1	3	5	6	7	
6715	9	18
78	70
63
19	53	43	44	39	
2	3	5	7	8	
6724	6	12
214	281
64
93	29	11	91	73	
2	3	5	6	7	
6806	6	12
203	27
65
99	5	68	58	52	
2	4	5	7	8	
6847	10	20
279	168
66
22	65	84	81	68	
2	3	5	6	8	
6902	9	18
289	40
67
31	33	11	44	72	
1	3	4	5	6	
6964	7	14
81	168
68
17	92	18	28	89	
1	3	4	5	7	
6967	9	18
232	75
69
44	24	47	89	75	
2	4	6	8	9	
7045	8	16
66	210
70
41	99	68	64	19	
2	3	4	6	7	
7149	6	12
271	42
71
16	27	44	99	9	
1	2	3	5	6	
7651	8	16
138	98
72
56	59	75	52	64	
1	2	4	6	7	
7652	10	20
93	185
73
51	6	37	5	21	
2	4	6	8	9	
7714	5	10
222	185
74
18	83	46	95	64	
1	2	4	6	8	
7898	6	12
27	286
75
12	34	83	41	37	
2	4	6	7	9	
7898	8	16
268	297
76
16	55	80	1	97	
2	3	5	7	8	
8189	6	12
208	97
77
59	13	21	6	91	
1	3	5	6	7	
8267	6	12
33	165
78
38	47	42	57	95	
1	3	4	5	7	
8297	8	16
58	225
79
82	65	97	59	53	
2	3	5	7	9	
8396	6	12
81	156
80
36	92	76	91	54	
1	2	4	5	7	
8484	5	10
75	259
81
21	99	76	34	33	
2	3	5	7	8	
8492	9	18
89	203
82
64	93	97	90	21	
1	3	4	6	7	
8632	5	10
185	15
83
12	72	51	76	38	
1	2	3	5	6	
8684	5	10
56	249
84
100	78	34	45	75	
2	4	6	7	9	
8741	7	14
42	285
85
41	64	62	49	66	
2	4	6	7	8	
8747	7	14
25	92
86
39	46	95	41	2	
2	4	5	6	7	
8988	7	14
193	296
87
65	12	19	92	77	
1	2	4	6	7	
9040	10	20
171	96
88
64	50	13	5	44	
2	3	4	5	7	
9148	10	20
98	66
89
69	29	97	16	87	
2	4	5	6	8	
9169	8	16
156	25
90
85	94	14	89	28	
1	3	4	6	8	
9188	9	18
181	84
91
65	45	57	74	17	
2	4	5	6	7	
9328	7	14
142	170
92
64	66	54	64	39	
1	3	4	5	6	
9403	10	20
227	215
93
68	86	43	10	1	
1	2	3	4	6	
9483	8	16
285	114
94
74	18	64	47	10	
2	4	5	6	8	
9550	8	16
125	180
95
39	21	73	93	89	
1	2	4	5	7	
9635	10	20
35	42
96
69	56	64	45	40	
2	3	5	7	9	
9756	6	12
79	294
97
47	54	55	94	29	
2	4	6	8	9	
9779	10	20
273	276
98
22	32	76	64	20	
1	3	4	5	7	
9919	8	16
219	235
99
79	39	53	1	5	
2	3	5	7	8	
9955	5	10
266	93
283	220
168	156