100	5	4000	2
0
97	80	45	62	51	
1	2	3	4	6	
217	7	14
133	73
1
75	81	83	96	19	
1	2	4	5	6	
262	5	10
239	117
2
51	63	99	70	90	
1	2	3	5	6	
362	6	12
229	218
3
87	22	10	15	11	
1	2	4	6	7	
405	6	12
191	133
4
47	55	43	35	23	
1	3	4	5	6	
415	7	14
37	92
5
73	60	8	77	94	
1	2	4	5	7	
436	5	10
86	266
6
81	19	51	29	9	
2	4	6	8	10	
459	9	18
44	96
7
73	83	51	6	77	
2	3	5	7	8	
506	6	12
156	89
8
98	55	18	70	39	
2	4	6	7	8	
559	7	14
268	204
9
4	60	32	7	61	
1	2	3	5	6	
720	9	18
138	200
10
69	21	25	96	91	
1	3	5	7	8	
775	9	18
146	8
11
68	19	49	46	83	
1	2	3	4	6	
1011	5	10
227	48
12
1	32	49	19	82	
2	4	6	8	9	
1018	9	18
215	114
13
48	12	1	42	100	
2	3	4	5	7	
1089	7	14
7	136
14
60	18	91	64	46	
2	3	5	6	8	
1105	10	20
180	119
15
87	52	69	39	97	
2	4	5	7	8	
1183	8	16
7	197
16
89	67	44	40	7	
2	3	4	6	8	
1318	10	20
223	218
17
51	74	2	25	70	
1	2	3	4	6	
1480	5	10
49	21
18
83	80	71	2	95	
1	2	3	4	6	
1488	5	10
73	219
19
61	81	77	3	45	
1	2	4	6	7	
1749	9	18
168	25
20
36	71	41	45	54	
2	3	5	6	8	
1841	5	10
211	113
21
69	47	64	28	48	
1	3	4	5	7	
1939	10	20
150	232
22
87	87	91	13	50	
1	3	5	7	8	
1976	7	14
91	5
23
58	94	79	93	96	
1	2	3	5	7	
1987	8	16
104	35
24
29	39	49	9	100	
2	4	6	8	9	
2196	5	10
264	115
25
85	55	52	17	51	
1	3	4	6	8	
2395	10	20
294	10
26
92	24	69	60	28	
2	4	6	7	8	
2604	9	18
0	160
27
52	39	66	38	31	
2	4	5	7	9	
2627	10	20
59	292
28
17	32	4	84	43	
2	3	5	7	9	
2677	5	10
166	164
29
90	15	11	77	55	
1	2	3	5	7	
2696	6	12
286	248
30
11	55	14	4	88	
1	2	3	5	6	
2713	6	12
9	78
31
47	85	2	1	75	
2	3	4	5	7	
2834	5	10
106	216
32
12	55	100	83	18	
1	2	3	4	6	
2905	6	12
221	205
33
45	80	83	70	7	
1	2	4	5	6	
2912	5	10
271	42
34
21	61	71	100	10	
1	2	4	6	7	
2986	5	10
185	166
35
84	64	46	81	74	
2	3	4	6	8	
3204	9	18
202	168
36
51	56	38	26	60	
1	3	5	7	8	
3271	8	16
131	212
37
3	47	69	66	70	
1	2	3	4	6	
3589	10	20
204	264
38
90	32	26	92	55	
1	2	4	5	7	
3740	10	20
100	74
39
18	84	45	95	28	
1	2	4	5	6	
3805	5	10
44	12
40
28	21	21	51	12	
2	4	5	7	8	
3806	10	20
208	173
41
33	81	58	46	24	
2	3	4	6	8	
3852	7	14
88	140
42
15	45	99	21	21	
1	2	4	5	6	
3943	5	10
149	217
43
19	37	38	100	47	
1	2	3	4	6	
4000	5	10
209	127
44
22	98	85	24	63	
2	4	5	6	7	
4112	5	10
29	150
45
85	26	2	84	78	
1	3	5	7	9	
4197	8	16
55	157
46
52	26	9	61	7	
2	4	5	7	8	
4622	9	18
196	164
47
67	17	51	29	23	
2	4	6	7	8	
4733	9	18
48	142
48
31	24	49	59	10	
1	2	4	6	7	
4928	9	18
82	121
49
81	31	34	58	58	
1	2	4	5	6	
5051	5	10
1	24
50
69	11	59	99	55	
2	4	5	6	7	
5069	9	18
102	104
51
81	9	12	19	56	
2	3	5	7	8	
5312	9	18
122	148
52
78	28	35	85	71	
2	4	5	6	8	
5362	8	16
266	184
53
79	69	86	17	77	
2	4	6	8	9	
5427	5	10
21	203
54
52	81	56	3	68	
2	4	6	7	8	
5615	9	18
236	217
55
98	45	15	13	82	
1	2	4	6	7	
5729	10	20
186	107
56
85	4	67	12	61	
1	3	5	7	9	
5816	8	16
255	176
57
97	99	43	99	62	
1	3	4	5	6	
6024	10	20
7	103
58
84	92	4	44	2	
1	3	5	6	7	
6136	6	12
251	300
59
60	33	38	54	25	
2	3	5	7	9	
6270	6	12
188	142
60
85	37	19	40	78	
1	3	4	5	7	
6448	7	14
272	45
61
74	51	45	80	69	
2	3	5	6	7	
6494	6	12
268	171
62
92	61	9	55	99	
1	3	5	6	8	
6714	8	16
240	53
63
63	83	43	52	69	
1	3	4	5	6	
6781	8	16
221	36
64
20	7	45	43	38	
1	3	5	6	8	
6800	9	18
130	34
65
52	75	55	8	65	
2	3	4	5	6	
6813	6	12
169	293
66
57	100	76	78	97	
1	2	3	4	6	
6916	6	12
173	133
67
88	77	69	42	4	
2	3	5	7	8	
6957	6	12
137	192
68
88	27	20	10	34	
2	4	6	8	10	
7364	10	20
114	105
69
21	98	77	96	34	
2	4	5	6	7	
7416	5	10
189	23
70
83	14	28	53	100	
2	4	6	7	8	
7556	7	14
48	22
71
81	29	52	24	15	
2	4	6	7	8	
7718	10	20
201	17
72
26	14	27	66	97	
1	3	4	5	7	
7930	8	16
164	74
73
74	98	4	36	12	
2	4	6	7	8	
7955	7	14
290	137
74
59	51	72	90	63	
2	4	6	8	10	
8202	5	10
203	31
75
72	15	67	70	16	
1	3	5	7	8	
8222	9	18
80	85
76
70	4	98	95	64	
2	3	4	5	7	
8377	9	18
294	81
77
40	65	77	17	84	
2	4	6	7	9	
8396	5	10
164	183
78
68	78	55	98	75	
2	4	6	8	9	
8401	7	14
248	225
79
8	73	80	75	40	
2	4	6	8	10	
8419	9	18
115	254
80
45	88	28	84	21	
1	2	4	6	7	
8739	8	16
44	127
81
42	2	53	31	50	
1	3	5	6	7	
8788	7	14
127	292
82
61	86	23	41	26	
2	4	6	8	10	
8850	8	16
243	79
83
94	79	19	25	45	
2	4	5	7	8	
8983	5	10
193	134
84
67	66	57	30	40	
1	3	5	7	8	
9045	6	12
250	156
85
34	25	1	31	47	
1	3	4	5	6	
9154	8	16
21	6
86
40	29	7	34	41	
2	3	5	6	7	
9187	5	10
173	145
87
86	60	31	73	57	
2	3	4	5	7	
9225	7	14
223	10
88
27	34	22	22	50	
1	2	3	4	6	
9228	6	12
118	269
89
47	33	67	21	79	
1	3	5	6	8	
9268	5	10
92	20
90
10	3	71	2	22	
1	2	4	5	7	
9436	5	10
58	125
91
49	63	66	6	99	
1	2	3	5	6	
9461	8	16
99	18
92
55	60	31	56	49	
1	3	5	6	7	
9478	6	12
40	50
93
43	6	12	5	97	
1	3	4	5	6	
9600	5	10
65	138
94
8	100	36	48	55	
2	3	5	7	9	
9610	7	14
52	63
95
21	44	94	83	43	
2	3	5	6	8	
9658	5	10
23	200
96
95	37	89	75	67	
2	4	5	7	9	
9819	5	10
244	231
97
82	21	35	97	31	
1	2	3	5	7	
9826	5	10
260	111
98
78	12	45	60	44	
1	2	3	5	7	
9833	6	12
116	17
99
78	83	68	30	62	
1	3	4	6	7	
9940	10	20
91	148
50	202
42	20