20	5	4000	18
0
37	13	17	91	40	
2	4	5	7	8	
271	7	14
46	73
1
36	95	14	49	56	
1	3	5	6	7	
334	5	10
236	62
2
96	6	59	79	78	
1	3	4	5	6	
375	8	16
169	233
3
64	17	28	38	58	
1	3	4	5	6	
394	5	10
23	4
4
65	74	33	76	97	
2	3	5	6	7	
639	9	18
268	78
5
86	28	59	70	29	
2	4	6	8	9	
884	7	14
221	9
6
15	80	26	18	49	
2	4	5	6	7	
907	10	20
224	141
7
4	11	25	18	68	
1	2	3	4	5	
1003	5	10
289	44
8
46	38	8	45	19	
2	4	6	7	9	
1139	6	12
216	72
9
100	16	98	96	6	
2	4	6	8	10	
1152	5	10
227	121
10
59	56	52	60	4	
1	2	4	6	8	
1183	6	12
249	135
11
60	93	35	25	83	
2	3	5	7	8	
1211	5	10
35	14
12
84	48	60	95	76	
1	3	5	7	9	
1219	9	18
63	104
13
73	100	84	24	63	
1	3	5	7	8	
1221	6	12
11	18
14
31	16	49	6	45	
2	4	5	6	8	
1355	8	16
230	139
15
24	98	17	57	44	
1	2	4	6	8	
1445	10	20
193	5
16
95	3	93	67	86	
1	2	3	5	7	
1660	6	12
170	242
17
77	43	80	54	98	
1	3	5	6	8	
1668	8	16
285	36
18
33	36	38	49	73	
2	3	5	6	7	
1893	8	16
192	128
19
85	87	39	21	17	
2	3	5	6	8	
1963	5	10
71	285
278	193
289	220