20	5	4000	9
0
96	50	38	81	11	
1	2	3	4	6	
104	9	18
121	213
1
3	23	48	84	67	
2	3	4	5	7	
173	10	20
261	136
2
56	26	71	10	53	
2	3	4	5	6	
330	7	14
5	234
3
85	45	99	30	61	
1	3	4	6	7	
379	7	14
102	137
4
16	33	67	27	11	
2	3	5	6	7	
646	9	18
123	106
5
100	40	6	98	27	
2	3	4	6	8	
675	7	14
200	237
6
24	33	79	48	42	
1	2	3	5	6	
707	10	20
132	74
7
71	68	92	99	14	
1	3	4	6	7	
711	6	12
192	74
8
5	8	53	15	35	
1	2	3	4	5	
715	5	10
182	255
9
97	73	20	79	27	
2	4	6	7	8	
880	7	14
211	278
10
43	36	81	40	2	
1	2	3	5	6	
999	7	14
208	105
11
7	73	58	31	15	
1	3	5	6	8	
1118	8	16
270	69
12
66	85	90	41	45	
1	2	3	4	5	
1385	7	14
237	56
13
15	2	91	94	46	
1	3	5	7	9	
1536	9	18
28	204
14
88	52	67	64	84	
2	4	5	6	7	
1580	9	18
41	113
15
77	48	10	9	15	
2	3	4	6	8	
1666	8	16
241	129
16
74	96	4	53	63	
1	3	4	6	7	
1675	5	10
66	28
17
53	50	84	36	1	
1	3	4	6	8	
1704	6	12
293	76
18
50	2	38	18	39	
2	4	5	7	8	
1851	5	10
278	276
19
13	44	44	31	42	
1	2	4	6	8	
1869	6	12
127	246
180	26
83	52