20	5	4000	11
0
90	40	15	97	37	
1	2	4	6	8	
42	8	16
150	23
1
82	19	23	26	100	
1	2	3	5	7	
91	8	16
197	209
2
38	11	77	91	57	
2	3	4	5	6	
173	9	18
1	159
3
11	55	100	38	20	
2	3	5	7	8	
209	7	14
207	70
4
75	53	25	81	39	
2	4	6	8	10	
294	8	16
212	47
5
1	53	91	71	36	
2	3	5	7	8	
297	5	10
143	191
6
9	85	16	35	99	
1	2	3	5	7	
332	10	20
54	64
7
87	59	78	84	50	
2	3	5	6	7	
432	8	16
75	245
8
83	87	90	67	5	
2	3	4	5	6	
766	9	18
152	57
9
1	62	46	98	51	
2	4	5	6	7	
966	10	20
52	230
10
42	36	2	9	51	
2	3	4	6	7	
1039	8	16
147	114
11
7	49	40	8	71	
2	4	5	7	8	
1159	7	14
156	137
12
10	19	38	17	90	
2	3	4	6	8	
1246	5	10
28	52
13
3	16	37	52	98	
2	4	5	6	8	
1247	7	14
62	225
14
58	16	91	23	80	
1	3	4	5	6	
1343	9	18
199	255
15
96	7	15	61	26	
1	2	4	5	7	
1537	7	14
70	131
16
32	40	87	4	41	
1	2	4	5	7	
1643	5	10
58	210
17
34	66	7	94	32	
2	3	4	6	8	
1802	10	20
281	10
18
59	89	49	50	15	
2	4	5	6	7	
1843	10	20
29	73
19
85	48	18	77	44	
2	3	5	6	7	
1862	8	16
126	225
257	97
278	119