20	5	4000	6
0
47	76	86	49	51	
2	3	4	6	7	
22	6	12
48	138
1
51	38	56	5	81	
1	2	4	6	7	
46	6	12
252	131
2
67	26	50	19	47	
2	3	5	7	8	
212	5	10
124	53
3
31	83	21	33	13	
1	3	4	5	6	
213	7	14
270	141
4
19	12	13	82	20	
2	4	5	6	7	
564	10	20
16	278
5
80	55	70	57	96	
2	3	4	5	6	
712	6	12
143	59
6
3	94	55	47	46	
1	3	4	6	8	
890	7	14
174	262
7
10	79	48	32	17	
2	3	5	6	8	
1088	10	20
239	125
8
52	54	15	33	84	
2	3	5	6	7	
1100	7	14
252	225
9
89	53	68	59	37	
2	3	4	5	6	
1101	6	12
157	163
10
64	91	7	7	38	
2	3	5	7	8	
1109	5	10
168	10
11
46	50	59	23	87	
1	2	3	4	5	
1203	7	14
259	142
12
71	57	12	5	34	
2	3	4	5	7	
1242	10	20
122	282
13
20	66	4	72	13	
2	4	5	7	8	
1424	10	20
202	178
14
33	98	36	86	76	
2	3	4	5	6	
1630	6	12
119	66
15
13	66	96	32	13	
1	3	5	7	8	
1731	5	10
258	27
16
64	54	64	59	96	
1	3	5	7	8	
1731	7	14
257	1
17
48	34	44	99	25	
1	2	3	4	6	
1756	5	10
103	67
18
73	73	40	33	39	
1	2	4	6	7	
1853	7	14
14	295
19
89	93	22	37	77	
2	3	5	6	7	
1961	7	14
187	152
114	209
26	139