20	5	4000	16
0
89	98	60	65	60	
1	3	4	6	8	
132	8	16
39	13
1
83	49	8	8	73	
1	3	4	5	6	
353	10	20
121	290
2
79	62	28	47	2	
1	3	4	5	6	
389	8	16
183	263
3
22	5	13	28	88	
1	2	3	5	6	
543	10	20
267	210
4
49	41	15	93	77	
2	4	6	8	10	
580	9	18
30	161
5
65	43	85	44	22	
2	3	4	5	6	
615	10	20
113	184
6
44	36	18	57	30	
2	4	6	8	10	
679	10	20
272	1
7
2	87	54	70	15	
2	3	5	7	8	
748	8	16
295	23
8
50	36	90	40	94	
2	3	4	6	7	
757	5	10
212	219
9
7	50	83	93	89	
2	4	6	8	10	
859	8	16
52	203
10
7	28	82	4	99	
1	2	4	6	7	
932	10	20
195	169
11
50	75	64	51	5	
1	2	4	6	7	
939	8	16
180	243
12
72	50	26	69	7	
2	4	6	8	9	
965	8	16
149	289
13
91	2	81	29	26	
1	3	5	6	8	
988	7	14
241	233
14
37	11	50	67	47	
2	3	4	6	8	
1077	9	18
75	241
15
86	99	7	46	70	
2	3	4	6	8	
1311	7	14
100	159
16
63	75	33	15	97	
2	4	5	7	9	
1595	8	16
287	228
17
47	56	1	45	3	
2	4	6	7	8	
1677	10	20
231	239
18
15	18	48	82	11	
2	3	5	6	8	
1763	5	10
204	4
19
20	14	9	68	50	
1	2	3	5	7	
1795	5	10
204	155
186	148
249	226