20	5	4000	12
0
72	64	16	6	54	
2	3	4	5	6	
19	5	10
130	147
1
22	36	24	65	5	
1	2	3	4	5	
154	7	14
67	34
2
14	11	17	78	65	
2	4	6	7	9	
173	5	10
148	241
3
47	3	54	75	96	
2	4	6	7	9	
183	6	12
190	272
4
54	84	50	65	28	
2	4	6	8	9	
184	7	14
263	271
5
82	57	32	92	27	
2	3	5	6	7	
298	9	18
57	232
6
11	12	97	28	36	
1	2	3	4	6	
373	9	18
140	80
7
80	14	94	29	92	
1	3	5	7	9	
444	9	18
72	127
8
77	83	9	42	12	
1	2	3	4	5	
496	5	10
191	203
9
35	17	17	12	64	
1	3	5	7	9	
503	5	10
26	40
10
64	92	24	2	78	
1	2	3	4	6	
698	9	18
224	40
11
7	95	12	42	91	
1	2	3	4	5	
732	10	20
23	250
12
48	1	99	85	83	
1	2	3	4	6	
747	8	16
250	288
13
14	92	81	57	79	
1	2	4	5	7	
875	8	16
268	251
14
51	87	87	10	39	
1	2	3	4	5	
1052	7	14
163	157
15
78	93	14	24	9	
1	3	5	7	8	
1152	7	14
50	244
16
95	53	19	31	94	
1	3	5	7	9	
1241	6	12
191	33
17
21	53	81	83	27	
1	3	5	7	8	
1541	6	12
188	204
18
37	37	61	25	41	
2	3	4	6	7	
1765	5	10
8	242
19
28	20	87	78	46	
1	2	4	5	6	
1810	6	12
255	52
190	134
258	262