20	5	4000	14
0
66	47	33	56	90	
1	3	4	5	6	
87	10	20
169	283
1
32	10	18	94	76	
1	2	3	4	5	
97	10	20
197	110
2
94	18	22	1	36	
2	3	4	5	7	
151	10	20
225	205
3
53	32	17	7	14	
1	3	5	6	7	
209	7	14
119	83
4
90	56	80	56	38	
2	3	5	7	9	
317	10	20
179	120
5
34	85	8	28	67	
1	3	5	7	8	
328	7	14
183	87
6
75	46	27	37	93	
2	3	4	6	7	
540	10	20
177	242
7
58	31	6	37	92	
2	4	5	6	8	
550	8	16
41	260
8
76	3	80	54	63	
1	3	4	5	7	
574	5	10
135	258
9
94	80	72	80	33	
1	3	5	7	8	
612	8	16
276	104
10
91	93	49	4	50	
1	2	3	5	7	
820	9	18
56	131
11
75	64	44	100	54	
2	4	6	8	9	
838	10	20
129	67
12
95	92	67	58	94	
1	2	3	4	6	
865	9	18
190	271
13
56	23	8	8	48	
1	3	4	6	8	
867	5	10
121	274
14
65	41	52	76	70	
1	2	3	5	7	
983	7	14
60	295
15
44	93	72	54	96	
2	3	4	5	7	
1124	10	20
70	230
16
28	29	57	94	45	
2	4	6	8	9	
1200	6	12
81	222
17
96	68	28	29	17	
1	2	3	5	7	
1323	5	10
23	144
18
2	76	77	92	90	
1	3	4	6	7	
1667	10	20
285	269
19
86	26	56	95	69	
1	3	5	6	7	
1955	10	20
116	296
184	132
101	69