20	5	4000	8
0
46	38	93	17	41	
2	3	5	7	8	
114	9	18
213	20
1
74	65	21	52	18	
2	4	5	7	8	
245	6	12
204	87
2
16	30	42	89	8	
1	3	5	7	8	
359	10	20
224	206
3
59	29	81	67	40	
2	3	5	7	9	
464	8	16
229	133
4
50	19	55	46	99	
2	4	6	7	8	
525	8	16
70	130
5
21	66	18	80	28	
2	3	4	6	8	
568	8	16
229	203
6
95	74	63	13	52	
1	3	5	6	8	
601	7	14
152	202
7
55	20	68	94	17	
2	3	5	6	8	
625	9	18
195	151
8
84	35	47	42	29	
2	3	5	7	9	
690	6	12
217	61
9
6	51	3	28	80	
1	3	4	6	7	
732	5	10
48	24
10
74	45	28	39	70	
2	4	6	8	9	
747	7	14
158	117
11
52	71	69	43	80	
2	4	5	6	8	
748	6	12
230	234
12
89	81	28	32	47	
2	3	5	6	8	
1184	6	12
172	46
13
69	81	60	95	100	
1	2	4	5	7	
1235	5	10
288	173
14
42	11	30	10	71	
1	3	5	6	8	
1246	7	14
203	57
15
54	54	23	57	91	
2	3	4	6	8	
1340	7	14
72	139
16
3	88	58	60	21	
1	2	3	4	5	
1385	5	10
165	49
17
32	35	94	18	7	
2	3	5	7	8	
1400	10	20
45	86
18
14	94	84	100	4	
1	2	4	5	6	
1477	5	10
79	138
19
24	58	35	91	85	
1	2	3	5	7	
1556	8	16
137	79
204	186
77	47