20	5	4000	7
0
64	18	54	26	44	
1	3	5	7	8	
27	9	18
259	105
1
86	8	99	99	7	
1	3	5	7	9	
41	8	16
191	289
2
66	22	12	54	91	
2	4	6	7	8	
421	6	12
111	91
3
63	74	77	32	56	
1	2	3	4	6	
532	10	20
0	77
4
59	26	94	39	24	
1	3	5	6	8	
564	5	10
200	283
5
66	16	5	32	94	
2	4	5	6	7	
566	7	14
271	188
6
85	85	50	44	55	
2	3	4	5	7	
925	6	12
25	113
7
58	21	53	1	6	
1	3	5	6	8	
940	9	18
30	38
8
96	74	5	59	19	
1	2	3	5	6	
1094	5	10
231	247
9
5	45	63	25	4	
2	4	6	7	8	
1173	8	16
290	220
10
49	62	33	20	55	
1	3	5	6	8	
1313	7	14
71	260
11
75	31	55	28	52	
1	2	3	5	7	
1354	5	10
217	231
12
6	31	52	29	61	
2	3	4	6	8	
1454	7	14
175	272
13
70	85	65	30	9	
2	4	5	6	7	
1491	6	12
163	43
14
7	94	14	6	82	
2	4	5	7	8	
1505	7	14
36	10
15
36	57	85	40	36	
1	3	5	7	9	
1540	7	14
5	29
16
11	33	38	27	52	
2	4	6	8	10	
1626	6	12
24	146
17
18	10	8	26	95	
2	4	5	6	8	
1796	5	10
27	267
18
34	92	33	49	98	
1	2	4	5	6	
1845	9	18
237	167
19
15	70	58	48	67	
1	2	3	5	6	
1937	8	16
133	36
77	156
173	261