20	5	4000	4
0
56	7	13	37	93	
2	4	5	6	7	
60	9	18
167	79
1
71	13	97	18	88	
2	3	4	6	7	
157	7	14
132	107
2
5	26	67	28	40	
2	3	4	6	8	
191	8	16
70	232
3
89	91	84	95	92	
2	4	5	7	8	
211	9	18
222	288
4
94	18	58	86	86	
1	2	3	5	7	
257	9	18
150	114
5
4	21	54	13	25	
2	3	5	6	7	
263	10	20
23	178
6
81	4	93	71	68	
1	2	4	5	6	
399	9	18
161	96
7
76	14	43	81	94	
2	3	5	7	8	
417	6	12
72	37
8
37	62	79	17	23	
1	2	3	5	6	
541	5	10
184	160
9
30	90	53	59	8	
1	2	3	5	7	
555	5	10
200	235
10
63	13	50	93	11	
2	3	4	5	6	
662	10	20
240	64
11
43	44	18	78	75	
1	3	5	7	9	
713	10	20
231	146
12
3	1	61	5	35	
1	3	5	6	7	
954	6	12
116	16
13
25	35	87	69	6	
2	4	5	7	9	
962	6	12
246	294
14
29	71	86	38	65	
2	3	5	7	8	
1086	6	12
45	154
15
89	13	87	59	80	
2	3	5	7	9	
1275	5	10
151	230
16
59	59	93	38	69	
2	4	6	8	9	
1435	5	10
293	218
17
59	38	38	31	61	
1	2	4	5	7	
1554	10	20
202	134
18
45	35	87	77	56	
2	4	6	7	8	
1589	7	14
245	123
19
2	26	31	63	88	
2	3	5	6	7	
1978	8	16
100	31
14	179
140	135