20	5	4000	13
0
25	21	47	62	98	
2	3	4	5	6	
61	7	14
154	45
1
15	80	11	3	70	
2	4	6	8	10	
98	9	18
15	102
2
65	38	84	91	52	
2	4	5	6	8	
216	9	18
21	95
3
29	18	73	33	14	
2	4	5	6	7	
281	8	16
227	241
4
83	40	29	89	17	
1	2	4	5	7	
339	7	14
224	241
5
86	100	17	62	61	
1	2	4	6	7	
428	8	16
23	183
6
32	97	90	21	91	
1	2	4	6	7	
628	9	18
209	73
7
98	70	97	45	11	
1	3	5	6	7	
705	5	10
6	193
8
62	50	66	49	52	
1	3	4	5	7	
802	5	10
139	278
9
39	89	63	31	63	
1	2	3	5	6	
901	9	18
92	213
10
93	87	84	42	4	
1	2	4	6	8	
974	5	10
97	283
11
90	55	20	52	95	
2	3	5	7	8	
1012	7	14
121	248
12
36	96	31	20	1	
2	3	5	6	8	
1026	10	20
225	67
13
46	77	37	32	33	
2	3	5	7	8	
1062	7	14
258	251
14
100	62	78	95	76	
2	4	6	8	10	
1525	8	16
15	13
15
80	74	88	21	30	
1	2	4	5	6	
1574	8	16
67	62
16
41	60	94	92	42	
2	4	6	7	8	
1583	5	10
252	218
17
22	22	21	78	56	
2	3	5	6	7	
1583	10	20
81	271
18
54	22	90	77	9	
1	2	4	6	7	
1756	8	16
241	35
19
81	54	12	82	18	
1	3	5	7	8	
1780	5	10
288	274
194	249
264	134