20	5	4000	10
0
95	59	21	10	79	
2	3	4	5	6	
261	7	14
14	284
1
49	29	22	54	89	
1	3	4	6	7	
296	7	14
224	131
2
76	68	68	53	65	
1	3	5	6	8	
325	8	16
166	79
3
18	9	94	10	24	
1	3	5	7	8	
351	7	14
122	8
4
52	74	82	62	33	
2	4	6	7	9	
367	10	20
288	166
5
59	63	11	92	58	
1	2	3	5	7	
374	9	18
94	276
6
50	13	80	45	84	
1	2	3	4	5	
403	10	20
118	66
7
9	16	43	20	88	
1	2	3	4	6	
486	9	18
175	29
8
1	20	87	24	26	
2	3	5	6	7	
512	9	18
180	103
9
85	89	89	82	85	
1	2	3	5	7	
644	10	20
177	149
10
92	20	58	21	18	
1	2	4	6	8	
713	10	20
260	128
11
65	93	84	69	13	
2	4	6	8	10	
1039	8	16
201	30
12
67	66	78	2	21	
1	3	4	6	7	
1040	9	18
48	176
13
54	40	25	11	15	
2	4	5	6	8	
1431	6	12
136	51
14
25	80	91	86	31	
1	2	4	5	7	
1605	8	16
220	279
15
78	64	35	93	5	
2	4	6	8	9	
1663	7	14
216	205
16
62	39	3	87	30	
2	4	6	8	9	
1750	9	18
180	162
17
99	28	87	6	97	
1	3	4	5	6	
1917	6	12
13	32
18
50	79	63	50	92	
2	3	5	7	8	
1931	7	14
50	273
19
73	65	29	68	37	
2	3	5	7	8	
1939	9	18
233	297
187	194
122	162