20	5	4000	19
0
79	6	8	86	14	
1	2	4	5	6	
79	5	10
52	27
1
96	54	58	90	37	
1	3	4	5	7	
130	7	14
202	245
2
35	71	61	9	48	
2	4	6	8	10	
273	5	10
108	28
3
42	44	1	57	23	
2	4	5	7	9	
324	7	14
24	95
4
1	75	78	20	31	
1	2	3	4	5	
433	9	18
176	270
5
42	1	25	86	33	
2	4	6	8	9	
485	7	14
109	282
6
64	75	31	67	88	
2	4	6	8	10	
555	8	16
100	267
7
55	29	60	67	11	
2	3	4	6	7	
598	10	20
1	180
8
61	57	12	24	75	
2	4	5	6	8	
651	6	12
173	69
9
31	89	74	49	24	
1	3	5	6	7	
651	7	14
126	26
10
4	83	46	86	95	
1	3	4	5	7	
750	6	12
82	193
11
75	51	62	1	91	
1	2	3	5	6	
933	5	10
110	32
12
93	96	97	75	78	
1	2	3	4	5	
1157	10	20
210	178
13
6	26	56	56	83	
2	3	4	6	7	
1167	10	20
271	1
14
16	73	82	26	23	
2	4	5	6	8	
1212	5	10
29	59
15
31	68	46	66	5	
2	3	5	7	9	
1270	9	18
126	300
16
34	83	48	92	9	
1	3	5	6	7	
1312	9	18
300	192
17
55	40	3	25	72	
1	2	4	6	7	
1504	9	18
298	156
18
31	98	48	88	3	
1	3	5	6	8	
1522	7	14
103	125
19
71	25	98	4	100	
1	3	5	7	9	
1759	8	16
288	300
190	25
60	95