20	5	4000	2
0
79	13	56	57	57	
2	3	5	7	8	
63	8	16
266	21
1
47	47	65	66	30	
2	3	4	6	8	
257	6	12
143	166
2
25	9	66	68	100	
1	2	4	6	8	
335	5	10
17	219
3
22	24	85	38	34	
1	3	4	5	6	
525	5	10
214	155
4
44	84	84	63	6	
1	3	4	6	8	
575	6	12
8	243
5
10	36	40	46	72	
1	2	3	5	6	
622	5	10
9	21
6
2	67	44	92	78	
1	2	3	4	6	
634	7	14
223	71
7
25	32	80	82	78	
2	4	5	7	8	
824	10	20
260	1
8
40	86	77	76	71	
1	3	4	5	6	
930	9	18
150	63
9
60	70	75	3	6	
1	2	4	5	7	
1027	7	14
12	180
10
74	38	77	20	28	
1	2	3	5	7	
1119	5	10
162	34
11
27	80	52	51	28	
2	3	4	5	7	
1188	8	16
8	224
12
7	10	20	83	38	
1	3	5	6	7	
1294	8	16
81	118
13
1	25	94	40	94	
2	3	5	7	9	
1378	9	18
136	116
14
39	21	100	83	95	
1	2	4	5	6	
1396	5	10
64	150
15
74	71	36	12	8	
2	3	4	6	8	
1541	5	10
266	47
16
13	30	42	28	18	
1	2	4	6	7	
1644	6	12
209	69
17
14	6	75	74	8	
1	3	4	5	6	
1797	9	18
185	92
18
62	62	6	37	44	
1	3	4	6	7	
1798	5	10
113	41
19
65	52	28	72	3	
2	4	5	6	7	
1813	8	16
187	71
149	78
142	112