20	5	4000	1
0
4	100	99	37	83	
2	3	5	7	8	
62	7	14
143	115
1
2	12	70	14	14	
2	3	5	7	8	
160	5	10
12	197
2
1	49	96	82	97	
2	3	5	6	8	
184	7	14
233	184
3
47	84	44	42	55	
2	4	6	8	10	
204	7	14
148	105
4
59	67	84	57	95	
2	3	5	7	8	
306	9	18
97	240
5
2	68	63	11	81	
1	3	4	6	7	
449	5	10
196	61
6
26	54	99	21	73	
2	4	5	6	7	
964	10	20
239	174
7
89	16	46	45	47	
1	3	4	5	7	
1044	9	18
61	104
8
47	63	68	91	98	
1	2	4	6	7	
1058	8	16
89	182
9
95	85	75	98	82	
1	3	4	5	7	
1186	8	16
214	209
10
52	38	19	84	88	
1	2	3	4	6	
1205	8	16
44	245
11
27	65	92	21	64	
2	4	5	7	8	
1214	9	18
221	5
12
14	61	37	86	38	
2	4	6	7	8	
1311	5	10
238	49
13
2	31	57	15	84	
1	2	3	5	7	
1391	10	20
243	138
14
98	19	50	75	13	
1	3	5	7	8	
1450	9	18
271	118
15
65	31	74	9	80	
2	3	5	6	8	
1612	7	14
152	62
16
70	70	49	46	93	
2	4	5	6	8	
1684	8	16
140	299
17
99	89	77	100	53	
2	4	5	6	8	
1701	7	14
122	264
18
20	87	94	40	90	
1	2	3	4	5	
1879	10	20
218	177
19
3	7	69	62	29	
2	4	6	7	9	
1917	7	14
65	256
225	218
128	84