20	5	4000	15
0
58	3	5	38	7	
2	3	5	6	7	
163	9	18
72	88
1
34	80	62	29	73	
2	4	6	8	10	
192	10	20
74	50
2
83	75	77	69	50	
1	3	4	5	7	
290	7	14
149	171
3
9	81	78	9	32	
2	4	6	7	8	
436	5	10
162	284
4
85	16	89	62	74	
2	4	6	8	10	
545	7	14
246	87
5
80	34	7	53	36	
2	3	5	7	9	
730	10	20
234	147
6
82	16	7	87	61	
1	3	5	6	8	
743	10	20
229	42
7
15	94	1	66	69	
1	3	5	7	8	
801	6	12
73	275
8
65	18	37	82	56	
1	2	3	5	6	
1078	10	20
272	153
9
29	86	88	55	53	
2	3	5	7	8	
1095	9	18
116	177
10
50	96	72	51	72	
2	3	5	6	7	
1107	8	16
197	83
11
76	50	90	53	52	
2	3	4	6	7	
1184	10	20
7	261
12
53	78	17	56	13	
2	3	4	5	7	
1221	10	20
167	226
13
21	72	82	8	25	
1	2	4	5	7	
1477	8	16
258	35
14
85	13	7	84	81	
1	2	3	4	6	
1614	7	14
229	7
15
71	3	55	9	68	
2	3	5	6	7	
1719	8	16
89	192
16
29	55	10	54	12	
2	4	5	7	9	
1947	9	18
144	138
17
54	98	85	17	77	
2	4	6	7	8	
1958	8	16
171	171
18
54	78	43	13	20	
2	4	5	7	8	
1960	5	10
68	190
19
5	20	7	70	50	
2	4	6	8	10	
2000	9	18
113	25
150	215
21	269