20	5	4000	3
0
41	55	80	53	89	
1	3	5	7	8	
12	9	18
168	56
1
39	87	21	38	70	
2	3	4	5	7	
101	8	16
97	184
2
56	17	95	29	19	
2	3	4	5	6	
186	9	18
160	71
3
61	22	78	80	20	
2	4	6	7	8	
211	7	14
239	122
4
25	39	86	5	34	
1	3	5	7	9	
296	5	10
60	130
5
26	80	63	87	33	
1	3	5	7	9	
513	8	16
122	219
6
89	100	89	12	35	
1	3	5	7	8	
560	6	12
198	213
7
10	36	88	75	90	
1	2	4	6	7	
717	10	20
110	23
8
70	28	6	33	5	
1	2	3	4	5	
757	8	16
14	109
9
37	95	1	11	70	
1	3	5	7	8	
856	7	14
157	48
10
59	89	16	79	55	
1	3	4	6	8	
1105	8	16
249	38
11
37	78	48	71	65	
1	3	5	7	8	
1127	5	10
132	228
12
46	62	13	42	98	
1	3	4	6	7	
1157	9	18
181	215
13
93	81	90	43	16	
1	2	4	6	7	
1258	9	18
52	67
14
31	57	69	95	48	
2	3	5	7	8	
1310	8	16
246	235
15
57	77	12	23	68	
2	4	6	8	9	
1646	9	18
12	217
16
70	33	4	34	96	
1	3	4	5	7	
1750	6	12
49	44
17
53	75	3	2	23	
1	3	4	6	8	
1831	8	16
266	56
18
45	24	23	81	34	
1	2	4	5	7	
1915	8	16
70	57
19
16	94	61	36	22	
2	4	5	7	9	
1947	8	16
295	14
200	227
44	35