20	5	4000	17
0
82	20	82	23	37	
1	3	5	7	8	
10	6	12
85	293
1
27	94	35	31	43	
2	4	5	7	9	
35	8	16
181	77
2
94	99	49	81	18	
1	3	5	6	7	
345	8	16
185	216
3
55	23	48	12	76	
2	3	5	7	8	
383	7	14
247	148
4
90	69	91	26	34	
1	3	4	5	7	
674	7	14
214	85
5
86	31	89	82	51	
1	3	5	6	7	
863	10	20
189	216
6
89	74	48	35	43	
2	4	6	7	9	
929	5	10
288	268
7
57	47	22	17	91	
2	3	4	6	8	
986	6	12
201	190
8
63	37	67	6	25	
1	2	3	5	7	
1086	8	16
156	86
9
15	15	82	63	90	
2	4	6	7	9	
1180	8	16
180	167
10
95	95	70	84	58	
2	4	5	6	8	
1230	10	20
229	242
11
60	52	64	44	99	
2	4	6	8	10	
1281	6	12
63	54
12
40	75	38	11	18	
1	3	4	5	7	
1309	9	18
245	299
13
73	82	96	85	80	
2	4	6	8	9	
1394	6	12
127	143
14
80	69	52	51	31	
2	3	5	6	7	
1530	7	14
300	29
15
12	43	54	24	7	
1	3	5	6	8	
1716	5	10
222	224
16
32	94	14	37	52	
1	3	4	6	8	
1889	9	18
195	186
17
66	8	72	10	91	
1	2	3	4	6	
1912	6	12
35	95
18
65	55	96	57	44	
1	2	3	5	7	
1950	5	10
199	34
19
98	90	41	20	35	
1	2	4	5	7	
1985	7	14
142	200
86	274
104	255