20	5	4000	5
0
38	49	57	33	17	
2	4	5	6	7	
294	7	14
194	126
1
50	91	95	57	1	
1	2	4	6	8	
437	9	18
108	257
2
4	100	16	78	23	
2	4	5	7	9	
479	10	20
120	111
3
40	16	47	16	96	
1	3	5	6	7	
495	9	18
246	28
4
15	46	34	60	32	
1	3	5	6	8	
509	8	16
236	27
5
4	63	33	42	50	
2	3	4	6	8	
518	10	20
11	221
6
14	4	17	62	85	
1	2	3	5	7	
587	9	18
163	14
7
36	63	22	100	16	
1	3	4	5	6	
598	6	12
202	82
8
26	85	3	65	36	
2	4	6	8	10	
634	8	16
227	9
9
25	29	33	6	85	
2	4	6	8	9	
718	9	18
102	108
10
55	46	27	68	10	
2	4	5	7	8	
736	8	16
188	278
11
47	52	30	50	90	
1	3	4	6	8	
829	5	10
146	211
12
27	39	54	25	35	
2	4	6	8	10	
1110	7	14
48	201
13
35	95	80	72	67	
2	3	5	6	7	
1140	6	12
298	249
14
71	80	91	35	79	
2	4	6	7	8	
1351	8	16
117	51
15
37	33	6	29	95	
2	3	5	7	8	
1366	7	14
171	230
16
16	44	29	20	50	
2	4	5	6	7	
1505	7	14
229	122
17
64	44	15	43	62	
2	3	5	6	7	
1627	9	18
282	52
18
36	58	22	14	61	
1	2	4	5	7	
1778	10	20
21	191
19
25	38	88	6	2	
2	4	6	7	9	
1886	6	12
206	185
186	153
235	63