20	5	4000	0
0
86	78	23	68	14	
1	3	4	5	6	
89	9	18
23	157
1
68	96	75	39	92	
1	2	3	4	6	
94	9	18
7	33
2
86	27	43	52	73	
2	3	5	6	7	
201	8	16
73	139
3
80	77	29	80	18	
1	2	3	5	6	
318	6	12
105	264
4
55	90	92	85	67	
1	3	4	5	6	
334	6	12
5	55
5
37	46	22	92	52	
1	2	3	5	6	
703	10	20
46	89
6
69	87	36	5	27	
2	4	6	7	9	
805	6	12
286	253
7
13	48	30	74	46	
2	3	5	7	8	
866	7	14
236	295
8
85	61	49	90	64	
2	4	6	8	10	
1277	6	12
30	71
9
74	76	74	9	21	
1	3	5	6	8	
1288	6	12
249	48
10
38	94	91	71	34	
2	3	5	6	7	
1387	7	14
14	138
11
54	3	32	66	15	
1	2	3	4	5	
1437	6	12
23	249
12
25	2	56	21	15	
2	4	6	8	10	
1452	10	20
158	261
13
99	22	99	31	22	
1	3	5	7	9	
1548	6	12
9	228
14
81	5	3	98	87	
1	3	4	5	7	
1554	10	20
1	21
15
44	56	38	50	60	
1	2	3	4	5	
1634	5	10
0	201
16
98	34	25	14	39	
2	3	5	7	9	
1635	6	12
90	265
17
34	61	31	100	55	
1	3	4	6	7	
1694	6	12
186	135
18
76	4	80	51	73	
2	3	4	5	7	
1698	9	18
31	235
19
27	40	70	2	27	
1	2	3	4	6	
1818	10	20
148	135
75	80
21	203