30	5	4000	8
0
41	89	72	45	91	
2	4	6	8	9	
55	9	18
212	278
1
85	92	25	86	37	
1	3	5	6	7	
152	10	20
95	228
2
79	82	51	38	75	
1	3	5	7	8	
565	8	16
104	140
3
77	91	100	71	38	
1	3	4	5	6	
668	9	18
48	278
4
67	35	90	67	86	
1	3	4	5	7	
721	8	16
162	2
5
10	1	23	89	52	
1	3	5	7	8	
814	5	10
29	185
6
86	58	72	20	16	
1	3	5	6	8	
817	9	18
105	162
7
59	40	47	57	32	
2	3	5	6	8	
821	6	12
299	154
8
40	42	94	63	92	
1	3	4	6	7	
882	9	18
87	111
9
95	21	90	43	63	
2	3	5	7	9	
945	7	14
43	63
10
25	22	40	55	59	
1	3	4	5	7	
1096	9	18
243	49
11
80	61	90	81	8	
2	4	6	7	9	
1144	7	14
154	115
12
23	80	29	62	68	
1	3	4	5	6	
1153	9	18
139	214
13
17	37	70	71	51	
2	4	6	7	8	
1251	10	20
108	64
14
75	81	57	18	43	
1	2	4	5	6	
1285	5	10
32	259
15
10	71	7	20	25	
2	3	4	5	6	
1295	9	18
16	161
16
37	64	14	3	100	
2	4	6	7	9	
1297	8	16
260	292
17
89	54	57	83	63	
1	2	4	6	8	
1341	6	12
223	28
18
11	8	25	13	16	
1	2	3	4	6	
1569	5	10
182	18
19
29	96	29	49	7	
1	3	4	5	6	
1656	6	12
199	154
20
65	2	59	29	62	
1	2	3	4	6	
1703	7	14
184	215
21
96	39	17	52	71	
2	3	4	5	7	
1808	9	18
16	212
22
73	42	80	8	90	
1	3	4	5	7	
1864	5	10
56	112
23
12	98	15	80	31	
1	2	4	5	7	
1910	6	12
227	152
24
94	100	90	72	89	
1	3	4	6	8	
2193	5	10
46	38
25
65	99	39	88	67	
1	2	3	5	7	
2223	10	20
115	296
26
11	28	26	41	4	
2	3	5	6	7	
2374	10	20
200	252
27
51	4	33	17	34	
2	3	5	6	7	
2395	10	20
126	165
28
21	9	32	5	40	
1	3	4	5	6	
2877	6	12
283	163
29
29	52	30	75	65	
1	2	3	5	6	
2878	9	18
78	105
80	121
153	181