30	5	4000	3
0
89	49	2	64	43	
2	4	5	6	8	
8	6	12
152	166
1
86	53	6	22	13	
1	3	4	5	7	
11	10	20
230	131
2
46	80	42	42	6	
2	4	6	7	8	
129	5	10
134	289
3
12	9	7	94	24	
2	3	4	6	7	
247	5	10
48	5
4
7	7	41	80	46	
1	3	5	7	8	
270	7	14
233	104
5
65	41	33	46	65	
2	3	5	6	7	
356	9	18
210	21
6
54	19	39	51	45	
1	3	4	5	6	
407	9	18
285	142
7
35	44	27	2	35	
1	3	5	6	7	
474	8	16
227	152
8
91	86	4	13	51	
1	2	3	5	6	
483	6	12
250	194
9
33	39	89	69	2	
2	3	5	7	8	
633	5	10
269	235
10
66	85	64	52	86	
2	3	5	6	7	
646	8	16
5	143
11
26	72	36	63	61	
2	4	6	8	9	
810	7	14
221	154
12
23	58	48	81	37	
1	2	3	4	6	
816	8	16
221	53
13
98	20	85	42	42	
2	4	5	7	9	
936	8	16
204	75
14
44	46	95	6	46	
2	3	5	6	8	
980	9	18
297	238
15
98	66	7	81	70	
1	2	4	5	6	
1220	8	16
249	91
16
54	13	94	98	24	
1	3	5	6	8	
1966	8	16
196	209
17
70	63	2	40	28	
1	3	5	7	9	
2088	9	18
8	58
18
2	46	63	75	60	
2	3	5	6	7	
2168	8	16
61	202
19
63	8	34	92	35	
1	3	5	6	7	
2171	10	20
207	139
20
92	82	97	46	28	
1	3	5	7	8	
2352	7	14
241	58
21
51	22	79	99	36	
1	2	4	6	7	
2474	5	10
154	75
22
14	80	100	52	68	
1	3	4	5	6	
2493	5	10
300	168
23
95	52	95	39	71	
1	3	5	7	8	
2658	7	14
85	24
24
54	33	27	15	68	
2	3	4	5	7	
2696	10	20
47	241
25
12	7	52	52	23	
1	3	5	6	8	
2757	7	14
7	9
26
35	53	31	34	67	
1	3	4	6	7	
2779	10	20
276	23
27
11	34	41	29	38	
2	4	5	6	8	
2789	8	16
282	248
28
5	76	51	9	39	
1	3	5	7	9	
2882	9	18
183	255
29
90	52	45	33	51	
1	2	3	5	6	
2884	7	14
195	194
142	15
24	112