30	5	4000	16
0
10	95	33	88	85	
1	2	4	5	6	
29	10	20
78	38
1
31	97	56	47	23	
1	2	3	5	6	
66	9	18
178	19
2
3	78	17	18	47	
1	2	3	4	5	
388	5	10
295	29
3
36	79	74	85	64	
2	3	5	7	8	
450	9	18
48	223
4
78	74	56	50	7	
2	3	4	6	7	
538	7	14
15	100
5
33	25	57	73	43	
1	2	3	4	6	
621	9	18
110	31
6
2	75	94	85	28	
2	4	5	7	9	
663	10	20
220	291
7
66	44	8	64	28	
1	2	4	6	7	
730	6	12
97	278
8
97	7	22	100	41	
1	2	4	5	6	
746	10	20
105	31
9
34	76	65	15	5	
2	3	5	6	8	
826	8	16
132	268
10
12	41	33	2	57	
1	3	5	6	7	
915	8	16
28	183
11
80	99	1	92	28	
1	2	3	4	6	
1018	9	18
285	127
12
11	91	12	27	34	
1	2	4	6	8	
1097	9	18
153	73
13
72	65	41	69	96	
2	4	6	7	9	
1154	8	16
171	260
14
92	26	73	93	94	
2	4	6	8	10	
1254	7	14
43	200
15
14	44	65	81	19	
1	2	3	4	6	
1544	10	20
289	185
16
40	87	93	53	25	
1	3	5	6	8	
1608	5	10
138	35
17
35	2	63	83	94	
1	2	3	4	6	
1635	6	12
222	73
18
38	15	7	14	96	
2	3	5	6	7	
1675	7	14
230	166
19
10	42	32	66	81	
2	4	6	7	8	
1989	6	12
145	288
20
95	45	78	87	66	
1	2	4	6	8	
2028	6	12
184	57
21
40	31	78	38	79	
1	2	4	6	7	
2045	8	16
119	188
22
53	23	56	33	52	
2	3	5	7	8	
2127	10	20
143	178
23
60	36	92	41	65	
1	3	5	6	8	
2237	7	14
230	285
24
97	83	46	15	17	
1	3	5	7	8	
2418	10	20
210	12
25
79	89	6	25	24	
2	4	5	7	8	
2569	9	18
31	19
26
32	40	47	82	74	
2	3	4	6	8	
2608	6	12
34	174
27
90	15	69	81	16	
1	2	3	5	7	
2637	6	12
96	94
28
51	72	52	77	29	
1	2	4	6	8	
2764	5	10
289	121
29
4	6	8	75	17	
1	3	5	6	8	
2906	5	10
4	197
162	292
7	226