30	5	4000	15
0
74	16	46	18	9	
1	2	3	4	6	
45	10	20
114	215
1
15	3	17	28	29	
2	3	5	7	9	
80	8	16
75	79
2
2	59	94	40	3	
1	2	4	6	8	
169	6	12
111	80
3
97	67	100	79	45	
2	3	5	6	7	
282	5	10
260	69
4
50	68	2	70	20	
2	3	4	5	6	
291	6	12
33	129
5
73	17	82	71	30	
2	4	5	7	8	
769	5	10
97	210
6
62	81	63	22	68	
2	4	6	8	9	
776	7	14
64	213
7
91	32	33	14	38	
1	3	4	5	6	
910	5	10
40	113
8
14	56	23	41	21	
1	3	5	7	9	
1077	7	14
280	210
9
22	49	51	87	31	
1	2	3	4	6	
1077	10	20
190	11
10
66	33	41	21	73	
1	3	4	6	7	
1162	7	14
280	152
11
15	49	41	77	58	
1	3	4	6	8	
1260	9	18
140	164
12
33	34	52	64	39	
1	2	4	6	7	
1472	6	12
282	243
13
53	14	91	84	46	
2	3	4	5	7	
1473	8	16
28	58
14
25	1	14	80	57	
2	3	5	6	8	
1516	9	18
223	277
15
66	70	80	96	45	
2	4	5	7	8	
1526	7	14
240	205
16
82	80	81	80	57	
2	4	6	7	8	
1709	7	14
145	209
17
30	53	79	54	68	
2	4	5	6	8	
1729	9	18
64	134
18
54	50	11	36	90	
1	3	4	6	7	
1899	5	10
18	86
19
2	43	38	33	85	
1	2	3	4	5	
1948	10	20
275	85
20
60	98	55	86	83	
2	4	6	8	9	
1954	10	20
99	147
21
8	83	55	18	17	
1	3	5	7	8	
2225	9	18
75	14
22
30	14	46	16	73	
2	4	5	6	8	
2231	10	20
68	257
23
47	85	8	57	54	
2	4	5	6	7	
2250	7	14
279	299
24
50	96	1	33	67	
1	2	4	5	6	
2263	8	16
181	271
25
53	74	54	49	80	
2	3	5	7	9	
2327	5	10
211	251
26
74	40	97	99	15	
2	3	4	5	7	
2349	10	20
109	76
27
24	82	27	32	27	
1	2	3	4	6	
2530	7	14
156	161
28
17	69	46	43	11	
2	3	4	6	7	
2580	7	14
166	55
29
92	67	22	60	20	
2	3	4	5	6	
2868	5	10
9	22
248	25
287	23