30	5	4000	13
0
97	90	51	27	5	
1	2	3	4	5	
169	7	14
206	284
1
59	53	8	57	18	
2	3	5	6	8	
189	5	10
127	91
2
21	17	20	10	55	
1	3	4	5	7	
208	7	14
297	109
3
27	79	38	29	70	
2	3	5	7	8	
253	6	12
97	280
4
54	11	13	82	16	
1	3	4	6	8	
296	10	20
181	108
5
84	94	39	58	35	
1	3	5	6	7	
427	7	14
201	184
6
47	2	18	18	7	
1	2	3	4	6	
451	8	16
209	127
7
30	10	17	58	82	
1	3	5	6	8	
518	10	20
115	74
8
94	76	63	60	45	
1	3	5	6	7	
536	10	20
6	94
9
18	97	1	42	6	
1	2	3	5	6	
565	8	16
85	237
10
81	95	2	59	52	
2	3	5	6	7	
585	8	16
87	239
11
59	96	1	8	30	
1	3	5	6	8	
687	5	10
189	95
12
79	37	31	45	71	
1	3	5	7	9	
815	7	14
97	140
13
21	22	68	41	65	
1	3	4	6	7	
905	5	10
256	28
14
6	21	10	98	58	
2	3	5	6	8	
945	6	12
192	297
15
10	100	1	50	95	
1	2	4	6	8	
1124	10	20
249	10
16
98	65	52	55	35	
2	4	5	7	8	
1228	7	14
243	279
17
48	75	62	9	46	
1	2	3	5	6	
1246	10	20
24	36
18
50	95	69	61	96	
1	3	4	5	7	
1272	5	10
256	169
19
88	86	61	61	31	
2	4	6	7	9	
1437	7	14
242	211
20
60	61	29	8	7	
2	3	5	6	7	
1745	5	10
211	233
21
32	72	77	20	59	
2	4	6	7	8	
1892	9	18
273	68
22
22	99	39	1	12	
2	4	5	6	8	
2012	7	14
216	226
23
47	12	80	3	81	
1	2	3	4	5	
2107	10	20
117	65
24
36	19	35	49	23	
2	4	5	7	9	
2131	6	12
43	187
25
96	36	26	55	8	
2	3	5	6	8	
2278	5	10
198	204
26
68	63	29	19	42	
2	4	6	7	9	
2747	9	18
98	115
27
63	33	57	83	51	
1	3	5	7	8	
2801	6	12
187	278
28
32	87	78	85	49	
1	2	4	5	7	
2802	7	14
292	247
29
66	36	57	43	88	
2	4	5	6	8	
2922	10	20
210	232
283	205
17	142