30	5	4000	9
0
73	24	97	7	20	
1	3	4	6	7	
116	6	12
69	135
1
24	55	86	87	64	
1	2	4	5	7	
135	7	14
64	53
2
24	72	21	48	72	
2	3	5	7	9	
153	8	16
166	203
3
82	24	68	36	63	
1	3	4	5	6	
262	10	20
8	93
4
88	17	65	31	97	
2	4	6	8	10	
380	10	20
186	270
5
17	2	5	33	99	
2	3	4	6	7	
449	5	10
57	291
6
31	60	1	52	94	
2	4	5	7	8	
520	9	18
3	231
7
24	26	92	57	14	
1	3	5	6	7	
584	10	20
264	196
8
95	71	45	94	96	
2	3	5	7	9	
625	7	14
149	167
9
39	59	4	53	22	
2	4	6	8	9	
643	10	20
91	70
10
75	52	88	26	42	
1	3	5	7	8	
727	10	20
198	215
11
4	45	53	33	49	
1	2	3	5	7	
779	9	18
129	0
12
28	28	61	4	46	
2	4	5	6	8	
844	9	18
45	156
13
75	27	9	14	38	
2	4	6	8	9	
1067	6	12
159	239
14
74	8	77	54	31	
2	3	5	7	8	
1081	7	14
231	245
15
2	95	30	17	68	
1	3	5	7	8	
1423	10	20
284	120
16
27	59	34	57	22	
2	3	4	5	6	
1611	6	12
150	268
17
42	65	41	15	70	
2	3	4	5	6	
1722	5	10
169	22
18
79	66	1	45	92	
1	3	4	5	7	
1798	8	16
277	140
19
23	55	50	48	11	
2	3	5	7	8	
1824	5	10
101	179
20
44	91	98	92	89	
1	3	4	6	7	
1903	10	20
190	190
21
27	27	28	2	91	
1	2	4	6	8	
2042	8	16
207	41
22
9	79	97	14	28	
1	2	3	4	6	
2236	6	12
65	105
23
41	53	97	87	53	
1	3	4	6	8	
2265	6	12
38	99
24
41	80	50	65	83	
2	3	5	7	9	
2287	6	12
169	83
25
65	17	17	1	23	
1	3	5	6	8	
2544	5	10
182	152
26
70	83	69	82	82	
2	3	4	5	6	
2694	8	16
283	147
27
8	61	88	95	63	
1	2	4	6	8	
2735	5	10
63	59
28
85	95	32	81	84	
2	4	6	7	8	
2809	9	18
9	215
29
43	86	30	67	47	
2	4	6	8	10	
2905	6	12
276	207
204	162
194	150