30	5	4000	5
0
98	48	8	16	48	
2	3	5	7	8	
110	5	10
87	95
1
68	93	77	88	61	
1	3	4	5	7	
349	8	16
126	193
2
67	94	42	28	95	
2	3	4	5	7	
570	7	14
239	77
3
72	55	93	56	51	
1	2	3	5	6	
835	6	12
170	230
4
71	89	94	44	30	
2	3	5	7	9	
996	10	20
204	180
5
11	54	26	49	96	
2	3	4	6	8	
1119	10	20
163	248
6
27	77	15	77	53	
2	3	5	6	7	
1143	8	16
256	282
7
14	49	44	39	76	
2	4	6	7	8	
1184	7	14
283	123
8
22	36	14	93	25	
2	4	5	7	8	
1388	5	10
226	97
9
22	53	77	25	2	
1	2	4	6	8	
1410	9	18
59	197
10
19	96	13	89	60	
1	2	4	5	6	
1466	10	20
110	244
11
9	50	60	65	31	
1	3	4	6	7	
1602	6	12
252	204
12
90	22	34	8	28	
1	2	3	4	5	
1645	6	12
206	65
13
18	54	81	57	30	
2	4	6	8	10	
1747	6	12
34	289
14
4	90	96	14	43	
2	4	6	8	9	
1799	7	14
100	62
15
20	46	85	95	4	
1	2	4	6	8	
1806	8	16
129	255
16
21	63	28	25	96	
1	3	5	6	8	
1818	9	18
31	234
17
92	7	69	21	4	
2	4	6	7	9	
2027	6	12
119	93
18
30	86	1	82	63	
1	2	3	4	5	
2095	7	14
88	156
19
91	1	52	25	11	
1	3	5	7	9	
2123	10	20
235	83
20
70	73	18	46	80	
1	3	4	5	7	
2521	5	10
227	111
21
42	100	66	87	73	
1	2	3	4	6	
2559	10	20
42	281
22
7	90	62	67	24	
1	2	3	5	6	
2602	8	16
7	11
23
97	94	97	32	49	
2	3	5	6	8	
2692	8	16
188	207
24
1	71	23	34	83	
1	2	3	5	7	
2695	6	12
249	175
25
29	89	20	57	30	
2	3	4	5	7	
2725	7	14
90	66
26
48	41	95	97	92	
1	2	4	6	8	
2745	5	10
252	166
27
72	59	39	51	22	
1	3	5	6	7	
2833	6	12
293	176
28
57	63	39	64	87	
1	3	4	5	6	
2843	6	12
130	215
29
52	2	54	40	13	
2	3	4	5	6	
2931	6	12
22	88
63	57
208	74