30	5	4000	6
0
48	83	10	60	66	
2	3	5	7	9	
10	7	14
280	183
1
9	74	16	13	61	
2	4	6	8	10	
76	10	20
136	140
2
87	68	36	89	53	
1	2	3	5	7	
178	8	16
9	242
3
2	39	87	66	91	
2	3	5	6	8	
287	5	10
287	169
4
93	83	6	42	41	
1	3	4	6	8	
302	10	20
74	123
5
62	58	93	88	33	
2	3	5	7	8	
427	9	18
36	118
6
87	92	31	62	68	
2	4	6	8	9	
501	7	14
85	65
7
72	4	80	5	55	
2	3	4	6	8	
634	10	20
54	195
8
79	42	77	70	74	
1	2	4	6	7	
823	8	16
208	55
9
77	32	89	10	44	
1	3	5	6	7	
940	6	12
269	173
10
53	96	50	52	47	
2	4	6	8	10	
1133	8	16
5	217
11
14	87	89	13	37	
2	3	5	6	7	
1137	6	12
261	105
12
58	47	93	19	42	
2	3	5	7	8	
1173	7	14
255	117
13
79	31	86	75	35	
2	3	4	5	7	
1396	10	20
105	3
14
7	94	29	1	86	
1	2	4	6	8	
1569	7	14
204	185
15
6	42	88	55	50	
2	4	6	8	10	
1623	8	16
66	114
16
13	78	70	29	37	
1	2	3	5	7	
1695	7	14
236	166
17
16	76	69	73	30	
2	3	5	7	9	
1733	7	14
63	25
18
91	10	48	59	37	
1	2	3	5	6	
1817	6	12
66	27
19
35	17	76	11	34	
2	3	5	7	9	
1955	9	18
111	180
20
89	47	96	28	91	
2	3	5	7	9	
2010	6	12
151	206
21
69	12	21	4	45	
2	4	6	8	10	
2039	6	12
95	49
22
33	41	2	99	56	
2	4	6	8	10	
2310	9	18
133	56
23
43	5	51	99	68	
2	4	6	7	8	
2574	9	18
66	122
24
92	44	72	71	68	
2	4	5	6	7	
2628	9	18
262	265
25
81	73	38	74	50	
2	4	5	7	9	
2667	9	18
98	17
26
58	43	51	17	24	
2	3	4	6	8	
2770	9	18
17	212
27
61	16	85	52	59	
1	2	4	6	7	
2832	7	14
130	255
28
90	98	73	47	94	
1	3	4	6	8	
2865	8	16
123	17
29
65	98	9	75	62	
1	3	5	7	8	
2933	5	10
79	292
162	109
217	72