30	5	4000	0
0
21	59	54	97	59	
1	3	4	5	7	
23	6	12
220	188
1
96	46	60	87	42	
1	2	4	6	7	
135	10	20
33	102
2
70	27	84	5	21	
2	4	5	6	8	
172	7	14
241	237
3
50	92	50	98	7	
2	3	4	5	7	
483	9	18
237	29
4
6	51	18	19	95	
2	4	5	6	8	
723	6	12
300	290
5
55	98	1	96	94	
2	4	5	7	8	
733	10	20
26	75
6
17	23	86	75	43	
1	2	4	6	8	
797	5	10
264	240
7
55	43	80	55	45	
2	4	5	6	8	
837	10	20
194	250
8
15	55	36	7	95	
2	3	4	5	6	
862	8	16
279	227
9
23	64	4	53	96	
1	3	5	6	7	
907	10	20
262	80
10
97	61	91	54	61	
2	3	4	5	7	
1069	5	10
129	154
11
71	3	60	16	54	
2	4	6	7	9	
1152	6	12
151	61
12
66	39	69	59	21	
2	3	5	7	8	
1262	5	10
123	218
13
31	35	95	39	8	
1	3	4	6	7	
1276	6	12
85	206
14
52	6	31	53	25	
1	3	4	5	7	
1354	10	20
231	69
15
84	44	67	55	64	
1	2	3	5	7	
1415	5	10
281	64
16
11	96	22	65	89	
1	3	5	7	8	
1466	7	14
150	202
17
33	90	37	96	33	
1	2	3	5	7	
1518	10	20
209	201
18
25	74	4	21	56	
2	4	5	6	8	
1668	8	16
227	205
19
95	1	69	46	100	
2	4	6	8	9	
1885	6	12
252	90
20
4	68	14	62	35	
2	3	5	7	8	
1917	7	14
80	243
21
100	32	90	25	30	
1	2	3	4	5	
2080	9	18
144	5
22
80	63	82	12	70	
1	2	4	6	7	
2323	5	10
192	128
23
35	36	15	66	46	
2	4	6	8	9	
2350	8	16
146	198
24
24	70	58	37	84	
1	2	3	5	6	
2434	9	18
9	7
25
6	44	3	44	37	
1	3	5	6	8	
2537	7	14
287	21
26
38	100	12	81	6	
1	3	4	6	7	
2566	5	10
57	47
27
62	81	44	66	84	
2	4	5	7	9	
2633	7	14
31	259
28
94	86	82	6	4	
2	3	4	5	6	
2639	10	20
26	195
29
65	65	29	34	14	
2	3	4	5	7	
2892	5	10
128	85
209	83
245	275