30	5	4000	10
0
82	38	8	10	74	
1	2	4	6	7	
60	6	12
91	7
1
85	62	52	62	37	
2	4	5	7	8	
93	7	14
284	170
2
50	95	30	17	33	
2	4	6	8	9	
106	8	16
113	111
3
55	33	2	30	100	
2	4	5	7	9	
343	5	10
180	235
4
73	94	13	70	49	
1	3	5	7	8	
454	7	14
143	19
5
28	54	77	67	54	
2	3	4	6	8	
473	10	20
109	67
6
91	67	40	92	4	
1	2	3	4	5	
566	8	16
94	110
7
70	16	63	41	82	
2	4	6	7	8	
655	8	16
110	28
8
96	90	99	26	81	
2	3	4	6	7	
671	8	16
211	96
9
9	86	47	18	71	
1	2	4	6	7	
968	5	10
94	59
10
32	42	46	11	4	
2	4	6	7	9	
1183	8	16
198	248
11
19	22	60	75	45	
1	3	4	6	8	
1276	5	10
115	21
12
83	61	91	38	83	
2	4	5	6	8	
1453	7	14
12	9
13
43	20	76	76	37	
2	4	5	6	8	
1553	6	12
164	94
14
61	85	48	74	25	
2	3	4	5	7	
1940	5	10
35	102
15
25	78	22	80	27	
1	3	4	6	7	
2017	5	10
123	104
16
93	50	94	28	33	
2	4	5	6	8	
2060	5	10
169	164
17
17	89	11	69	51	
1	2	4	6	8	
2145	8	16
61	185
18
45	13	50	50	57	
2	4	6	7	8	
2149	6	12
36	243
19
19	71	39	83	90	
2	4	6	7	8	
2270	5	10
217	67
20
4	27	91	61	13	
1	2	4	6	7	
2322	8	16
98	45
21
61	90	49	36	20	
2	4	6	8	9	
2328	10	20
278	6
22
27	15	30	70	90	
2	3	5	7	9	
2368	6	12
288	96
23
64	86	54	55	25	
2	4	5	7	9	
2384	7	14
215	62
24
92	44	52	10	13	
1	3	5	6	7	
2513	7	14
151	165
25
9	82	77	3	60	
2	4	5	7	8	
2535	10	20
232	74
26
20	61	64	45	31	
2	3	5	6	8	
2598	5	10
271	19
27
67	78	71	73	18	
1	3	5	7	9	
2689	5	10
219	222
28
77	17	20	4	3	
2	3	4	6	8	
2731	9	18
101	211
29
69	26	14	80	71	
2	3	5	6	8	
2834	8	16
70	33
223	4
60	84