30	5	4000	7
0
52	64	57	24	31	
2	3	4	5	7	
22	6	12
231	211
1
100	67	92	14	40	
2	3	4	5	6	
65	5	10
192	211
2
11	84	64	12	16	
2	3	4	5	6	
122	5	10
213	261
3
50	69	14	45	86	
1	2	4	6	8	
218	10	20
148	29
4
93	56	33	29	64	
2	4	5	6	7	
396	6	12
68	21
5
2	18	64	70	56	
2	4	5	6	7	
709	6	12
101	202
6
38	91	98	99	27	
2	4	6	7	9	
794	6	12
163	239
7
55	19	92	55	25	
2	4	6	7	9	
798	5	10
52	257
8
71	88	57	58	65	
1	3	4	5	7	
940	5	10
207	76
9
11	54	48	29	93	
2	4	5	7	9	
969	5	10
174	248
10
75	70	5	61	65	
2	3	4	6	8	
1083	6	12
207	63
11
46	100	82	49	53	
1	3	5	7	9	
1316	8	16
57	152
12
23	68	25	73	93	
1	2	3	4	6	
1595	9	18
273	37
13
59	77	59	45	68	
1	3	4	5	6	
1603	8	16
293	220
14
57	97	20	91	69	
1	2	4	6	8	
1739	7	14
232	116
15
4	56	92	9	11	
1	2	3	4	5	
1814	9	18
18	83
16
32	47	94	13	14	
2	3	5	6	7	
1943	8	16
236	208
17
16	40	37	34	71	
2	4	6	7	8	
1974	10	20
73	58
18
92	38	85	60	72	
1	2	4	6	7	
2041	8	16
297	84
19
61	85	66	59	63	
2	3	4	5	7	
2105	6	12
72	266
20
63	37	6	81	76	
2	3	4	6	7	
2115	7	14
133	129
21
91	89	76	45	86	
2	4	5	6	7	
2265	8	16
196	99
22
52	26	99	3	50	
1	2	4	5	7	
2472	7	14
127	209
23
31	90	56	64	99	
1	3	4	5	7	
2481	8	16
214	171
24
44	17	22	99	46	
2	4	6	8	9	
2542	10	20
135	8
25
76	89	31	29	97	
1	2	3	5	7	
2596	10	20
47	71
26
45	82	26	12	17	
2	3	4	5	6	
2609	7	14
204	273
27
71	9	38	24	16	
2	4	6	7	8	
2663	8	16
295	112
28
33	58	21	69	95	
2	3	4	6	7	
2705	8	16
92	230
29
45	39	91	86	16	
2	3	4	5	6	
2890	10	20
284	300
149	85
31	138