30	5	4000	1
0
88	17	11	22	100	
1	3	4	5	6	
16	9	18
139	157
1
2	73	26	86	46	
1	3	4	6	7	
48	8	16
254	233
2
17	89	40	7	14	
1	3	4	5	6	
101	9	18
76	245
3
98	76	74	15	11	
1	3	4	5	6	
233	9	18
142	266
4
24	75	6	74	71	
1	3	5	7	8	
238	8	16
125	103
5
13	63	92	34	99	
1	2	4	5	6	
387	10	20
297	26
6
81	87	43	91	82	
2	3	4	5	6	
487	6	12
42	289
7
98	31	76	44	18	
1	2	3	4	5	
567	6	12
88	290
8
60	55	86	3	86	
1	3	4	6	8	
775	9	18
30	91
9
80	11	59	87	87	
2	3	4	6	7	
807	9	18
27	97
10
68	63	45	77	47	
2	3	5	7	8	
872	7	14
210	177
11
26	82	25	15	91	
1	3	5	7	8	
875	8	16
17	98
12
15	45	62	6	27	
2	4	6	7	9	
896	10	20
203	133
13
88	49	23	100	58	
1	2	3	4	6	
1119	6	12
41	291
14
93	67	42	99	51	
2	4	5	6	7	
1169	5	10
0	57
15
59	28	62	46	94	
2	4	6	7	8	
1197	7	14
59	237
16
100	62	20	65	77	
2	3	4	5	6	
1284	5	10
300	163
17
73	73	11	66	77	
2	4	6	7	8	
1411	9	18
147	99
18
71	93	77	15	74	
1	3	4	5	7	
1432	10	20
51	212
19
11	12	87	89	12	
1	2	4	6	8	
1465	7	14
107	74
20
96	15	33	35	47	
2	4	5	6	7	
1613	9	18
218	92
21
62	83	81	92	44	
1	3	4	6	8	
1659	8	16
111	25
22
44	88	30	7	99	
2	4	5	6	8	
1686	8	16
296	165
23
50	1	7	94	53	
2	3	5	7	8	
1775	6	12
238	29
24
89	50	91	81	79	
1	3	4	6	7	
1924	8	16
179	83
25
96	97	49	52	11	
2	3	4	5	6	
2006	8	16
19	123
26
18	67	56	49	14	
1	3	4	5	7	
2058	6	12
250	197
27
14	56	27	35	49	
2	4	6	7	9	
2187	10	20
230	176
28
21	24	83	69	100	
2	4	5	7	9	
2925	10	20
111	274
29
94	17	50	49	84	
2	4	5	7	8	
2966	6	12
55	151
255	244
274	233