30	5	4000	17
0
65	38	24	44	10	
2	3	5	6	8	
81	8	16
75	150
1
31	34	6	62	84	
1	3	4	5	7	
240	6	12
118	295
2
17	98	17	71	25	
2	3	5	7	9	
362	7	14
26	79
3
57	46	77	86	98	
1	2	4	5	7	
402	8	16
81	108
4
30	9	4	43	1	
2	4	5	6	8	
430	7	14
98	58
5
27	39	69	21	78	
1	2	3	4	6	
466	9	18
220	150
6
55	73	36	12	1	
1	3	5	6	8	
590	5	10
14	259
7
18	92	82	47	80	
2	4	6	8	9	
933	7	14
119	177
8
3	79	33	41	86	
1	3	5	6	7	
952	10	20
55	243
9
11	79	14	10	90	
1	3	5	6	8	
1172	8	16
71	161
10
30	84	1	86	79	
1	2	3	5	7	
1549	6	12
161	167
11
59	23	33	49	77	
1	3	4	6	7	
1584	9	18
3	43
12
64	51	80	10	27	
1	3	5	7	8	
1606	8	16
36	235
13
1	46	8	13	76	
1	2	4	6	7	
1817	8	16
96	235
14
99	98	81	57	90	
1	3	4	6	8	
1965	5	10
147	163
15
50	13	26	82	86	
2	4	5	7	8	
1989	10	20
78	182
16
31	48	97	97	99	
1	3	5	6	8	
2015	8	16
287	284
17
85	56	79	22	98	
1	3	5	6	7	
2060	5	10
193	231
18
95	62	15	83	65	
1	2	3	4	5	
2114	9	18
180	243
19
29	55	13	81	95	
1	2	4	5	7	
2133	8	16
65	43
20
34	69	22	18	60	
2	4	6	8	10	
2313	8	16
40	147
21
10	13	30	11	46	
1	2	4	5	6	
2342	5	10
170	81
22
61	11	25	27	39	
1	3	5	6	8	
2374	10	20
296	222
23
84	80	41	20	72	
1	2	3	4	5	
2498	6	12
191	145
24
99	92	49	52	87	
2	3	5	6	7	
2584	6	12
50	261
25
8	8	86	30	51	
2	3	4	6	7	
2636	5	10
278	230
26
48	89	9	28	14	
2	3	4	5	7	
2682	7	14
99	11
27
51	74	88	65	36	
2	4	5	7	8	
2717	10	20
260	293
28
73	40	95	8	61	
1	3	5	7	9	
2722	6	12
117	215
29
53	100	12	47	42	
2	4	5	6	8	
2848	6	12
36	74
192	280
184	245