30	5	4000	19
0
98	47	8	69	83	
1	3	4	6	7	
13	5	10
203	12
1
73	56	77	25	94	
2	3	5	7	9	
46	5	10
12	69
2
73	52	94	12	34	
1	3	4	6	8	
58	9	18
207	74
3
77	97	51	32	90	
1	3	5	6	8	
125	7	14
21	150
4
16	77	91	20	84	
1	2	4	5	7	
413	5	10
143	49
5
58	94	47	47	86	
1	2	4	6	7	
556	10	20
172	91
6
2	75	47	94	67	
1	2	4	6	7	
643	9	18
22	242
7
9	60	42	60	60	
1	3	4	5	6	
863	10	20
31	147
8
6	84	75	2	74	
1	3	4	5	6	
968	6	12
111	232
9
65	27	6	27	96	
2	3	4	6	7	
1442	9	18
94	122
10
91	68	51	31	86	
1	3	5	7	9	
1600	8	16
17	41
11
54	91	88	53	81	
2	3	4	5	7	
1604	10	20
282	243
12
78	32	66	89	68	
2	4	6	7	8	
1732	9	18
15	180
13
88	47	100	63	92	
2	3	4	5	7	
1837	9	18
171	2
14
25	89	87	96	100	
2	4	5	7	8	
1853	7	14
298	163
15
53	11	31	63	2	
2	4	6	7	8	
1959	5	10
162	185
16
4	63	85	50	42	
1	3	4	6	7	
2023	10	20
234	193
17
59	99	34	26	99	
2	3	4	6	8	
2078	9	18
199	269
18
7	33	37	32	41	
1	2	4	5	7	
2082	8	16
293	25
19
27	77	15	12	63	
2	4	5	6	8	
2223	8	16
210	147
20
11	92	36	69	45	
1	3	4	5	7	
2282	5	10
114	3
21
98	87	29	97	74	
2	4	5	7	8	
2325	7	14
217	22
22
61	35	73	56	71	
2	3	4	5	6	
2407	7	14
40	206
23
36	82	32	18	95	
2	4	5	6	8	
2479	7	14
114	217
24
31	89	29	55	26	
1	3	5	7	8	
2505	6	12
190	94
25
13	94	20	69	25	
1	2	4	5	7	
2551	7	14
22	149
26
67	48	88	12	66	
2	4	6	8	10	
2590	10	20
80	187
27
18	64	16	82	77	
1	3	4	5	6	
2726	9	18
62	29
28
62	38	64	74	71	
2	3	5	6	8	
2821	7	14
108	224
29
30	57	14	95	55	
2	3	4	5	7	
2991	10	20
80	64
27	12
287	3