30	5	4000	14
0
41	25	3	20	64	
1	3	4	5	7	
2	10	20
151	238
1
28	95	14	14	24	
1	2	4	6	7	
83	6	12
161	123
2
75	59	37	22	50	
1	2	4	6	8	
94	7	14
260	123
3
2	19	58	1	41	
2	3	5	6	7	
100	7	14
233	142
4
44	33	8	91	22	
2	3	5	6	8	
258	6	12
50	149
5
39	21	70	91	59	
1	3	5	6	7	
353	5	10
41	101
6
5	42	41	99	7	
2	3	4	5	6	
429	5	10
106	71
7
72	29	34	84	9	
1	2	4	6	7	
434	10	20
269	91
8
11	97	74	89	60	
2	4	6	8	10	
602	8	16
165	176
9
36	1	50	35	2	
1	2	4	6	8	
880	10	20
34	123
10
59	78	82	35	34	
2	4	5	6	7	
978	7	14
60	120
11
96	35	29	97	96	
1	2	4	5	7	
979	6	12
44	182
12
9	95	83	79	99	
1	3	5	7	8	
1036	5	10
44	66
13
60	94	20	11	39	
2	3	5	7	8	
1312	7	14
178	109
14
8	81	45	43	88	
2	4	5	7	9	
1344	5	10
156	103
15
92	87	9	7	89	
1	3	5	6	8	
1411	9	18
112	268
16
6	37	46	32	50	
1	3	5	7	8	
1434	6	12
282	188
17
73	60	28	38	19	
2	4	6	7	8	
1560	6	12
18	43
18
36	59	8	15	12	
2	3	4	5	6	
1598	5	10
229	237
19
61	73	89	25	92	
2	4	5	6	8	
1688	8	16
282	252
20
34	43	99	48	55	
1	2	3	5	6	
1819	6	12
191	58
21
30	69	43	36	38	
1	3	4	5	7	
1985	7	14
100	261
22
30	87	29	31	4	
2	3	5	7	8	
2073	6	12
298	229
23
72	5	60	16	14	
2	4	5	7	8	
2576	10	20
136	269
24
44	48	17	96	18	
2	4	6	8	10	
2602	5	10
213	224
25
22	77	24	94	29	
1	2	3	4	6	
2690	7	14
262	129
26
77	36	75	60	39	
2	4	6	7	9	
2730	8	16
177	254
27
96	89	35	88	3	
2	4	5	7	8	
2819	9	18
260	188
28
90	74	80	23	70	
2	4	5	6	7	
2936	10	20
74	192
29
79	10	92	2	88	
1	3	5	7	8	
2947	9	18
148	0
21	50
100	274