30	5	4000	4
0
91	3	45	51	38	
2	3	4	6	8	
134	9	18
28	39
1
20	24	80	1	39	
2	4	5	6	8	
156	9	18
1	153
2
31	67	62	54	70	
2	3	5	7	9	
236	9	18
147	55
3
70	23	73	83	50	
2	4	6	8	9	
267	6	12
283	270
4
96	19	57	73	78	
2	3	4	5	6	
337	6	12
174	204
5
97	72	9	86	53	
1	2	3	5	6	
509	6	12
221	180
6
34	69	88	64	5	
2	4	6	8	9	
576	7	14
260	217
7
35	52	90	97	41	
1	2	4	6	7	
623	10	20
206	149
8
81	28	10	68	42	
1	3	5	7	9	
762	5	10
130	244
9
100	100	100	47	1	
1	3	4	6	8	
938	7	14
229	290
10
24	64	78	75	69	
2	3	4	6	8	
1002	10	20
36	250
11
71	20	47	38	57	
1	2	4	6	8	
1183	6	12
235	41
12
73	25	71	21	60	
1	2	3	5	7	
1212	7	14
226	114
13
15	96	46	52	57	
2	3	4	6	8	
1225	5	10
219	90
14
74	45	61	36	89	
2	4	6	8	10	
1258	6	12
205	211
15
76	91	29	89	78	
1	3	4	5	6	
1376	10	20
278	65
16
88	100	12	88	88	
1	3	5	6	8	
1391	5	10
90	234
17
32	30	91	3	33	
2	3	4	6	7	
1635	8	16
195	115
18
3	91	91	90	1	
2	4	6	8	9	
1650	7	14
171	210
19
72	42	94	97	72	
1	2	3	4	5	
1706	9	18
163	288
20
60	33	22	87	96	
1	3	4	6	7	
2285	7	14
182	184
21
31	9	46	32	31	
1	3	4	5	6	
2316	8	16
147	156
22
95	57	71	70	31	
1	2	3	4	5	
2319	8	16
150	28
23
41	45	61	40	56	
2	3	4	5	6	
2612	7	14
184	272
24
12	74	53	20	46	
1	2	4	5	6	
2657	5	10
284	134
25
3	37	77	20	12	
2	4	6	7	8	
2663	6	12
106	283
26
5	91	9	81	9	
2	3	5	6	7	
2776	8	16
73	12
27
32	59	44	97	26	
1	3	5	7	8	
2867	9	18
158	224
28
71	84	89	99	61	
2	4	6	8	10	
2932	7	14
116	142
29
46	41	74	27	21	
1	3	5	7	8	
2940	5	10
35	200
68	154
279	7