30	5	4000	12
0
34	53	97	74	16	
1	3	5	6	8	
406	9	18
268	150
1
35	98	61	57	31	
2	4	5	7	9	
470	10	20
13	105
2
21	57	26	51	85	
2	3	5	7	8	
505	10	20
116	86
3
14	88	71	18	100	
1	2	3	4	5	
540	6	12
294	181
4
73	8	15	52	20	
1	3	5	7	8	
675	7	14
276	196
5
70	54	12	90	74	
2	4	6	8	9	
712	9	18
46	74
6
69	34	4	25	9	
1	2	3	4	6	
729	8	16
111	25
7
29	58	44	91	12	
1	2	3	4	6	
817	7	14
87	284
8
15	19	37	90	1	
1	3	4	5	6	
920	7	14
186	169
9
4	30	26	71	22	
2	4	5	7	8	
931	5	10
115	202
10
94	97	73	67	78	
2	4	5	7	8	
981	7	14
224	283
11
25	16	38	34	58	
2	4	5	7	9	
1210	5	10
201	155
12
88	30	90	44	47	
2	3	5	6	8	
1286	8	16
109	178
13
94	66	71	2	6	
2	3	5	7	9	
1393	7	14
197	230
14
33	15	100	41	50	
2	3	4	5	7	
1444	5	10
225	96
15
54	28	51	67	57	
2	3	5	7	8	
1554	10	20
87	265
16
1	75	13	56	61	
2	3	5	7	9	
1767	5	10
20	139
17
71	97	81	93	73	
1	2	3	5	7	
1787	5	10
294	179
18
60	6	2	12	62	
2	3	5	6	7	
1816	5	10
265	295
19
67	71	50	9	65	
2	3	4	5	6	
2172	6	12
203	7
20
40	13	85	53	57	
2	3	5	7	9	
2176	10	20
293	139
21
11	75	49	99	43	
2	4	6	8	10	
2200	8	16
263	293
22
73	20	51	60	11	
1	2	3	5	7	
2222	5	10
129	164
23
8	56	9	51	70	
2	4	5	6	7	
2273	8	16
92	278
24
66	18	59	58	29	
1	2	4	6	7	
2315	9	18
164	60
25
27	71	5	89	69	
1	2	4	5	6	
2324	5	10
286	120
26
25	47	15	83	51	
1	3	4	5	6	
2330	9	18
134	189
27
68	79	25	14	49	
2	4	5	6	8	
2544	6	12
67	11
28
10	8	2	78	95	
2	4	6	8	10	
2671	8	16
168	69
29
9	95	82	30	83	
2	3	5	7	9	
2917	8	16
103	57
134	300
277	1