30	5	4000	18
0
68	60	75	63	17	
1	2	4	5	6	
147	8	16
64	43
1
13	80	49	21	1	
2	3	5	6	7	
413	6	12
285	16
2
83	96	96	3	17	
2	4	6	7	8	
454	5	10
172	63
3
57	95	17	14	48	
1	3	5	6	8	
475	8	16
76	239
4
56	22	29	32	44	
2	4	6	7	8	
507	9	18
27	206
5
78	59	39	55	46	
2	4	5	6	8	
638	6	12
65	215
6
93	19	24	83	53	
2	3	5	7	8	
655	7	14
46	56
7
47	99	52	49	39	
1	3	4	6	7	
702	6	12
229	212
8
12	16	26	13	47	
2	3	4	5	6	
761	9	18
263	43
9
79	46	57	98	61	
1	3	4	5	6	
867	10	20
157	276
10
10	83	81	12	27	
2	3	5	7	8	
939	5	10
258	39
11
92	82	49	57	93	
1	3	4	6	8	
1048	5	10
45	136
12
2	59	96	75	98	
1	2	4	5	7	
1283	9	18
265	165
13
10	37	59	52	71	
2	4	6	8	10	
1319	9	18
105	156
14
26	71	62	29	36	
1	3	5	7	8	
1404	9	18
131	148
15
72	95	24	77	35	
1	2	3	4	6	
1523	6	12
124	45
16
95	1	47	66	10	
2	3	5	6	8	
1555	10	20
60	212
17
79	27	34	58	57	
1	3	5	7	8	
1680	6	12
39	272
18
27	28	35	68	81	
2	4	6	7	9	
1757	9	18
69	201
19
55	46	66	21	37	
1	2	4	5	6	
1770	10	20
193	242
20
82	56	27	41	78	
1	2	4	5	7	
2020	10	20
207	262
21
41	19	100	22	94	
1	3	5	7	9	
2043	6	12
117	250
22
97	41	42	68	69	
1	2	4	6	7	
2072	9	18
200	289
23
100	46	63	71	31	
1	3	4	6	7	
2322	8	16
63	264
24
10	99	21	59	73	
1	2	3	5	6	
2426	10	20
229	133
25
45	86	32	81	89	
1	3	4	5	6	
2544	8	16
79	284
26
63	41	87	9	39	
1	2	4	5	6	
2682	5	10
79	11
27
55	100	77	16	29	
1	3	4	5	6	
2702	10	20
186	63
28
41	92	96	2	22	
2	4	6	8	10	
2831	9	18
160	89
29
74	36	41	83	30	
1	3	5	6	8	
2930	6	12
26	216
211	29
46	227