30	5	4000	2
0
98	11	47	31	50	
2	4	6	8	9	
23	6	12
177	94
1
89	71	76	72	71	
2	4	6	7	8	
261	7	14
78	155
2
48	58	41	83	85	
2	3	5	6	7	
357	9	18
243	231
3
32	83	90	44	55	
2	4	5	7	8	
545	6	12
284	145
4
37	74	80	12	52	
1	2	4	6	7	
722	8	16
252	249
5
50	12	92	71	37	
1	2	4	6	8	
947	6	12
253	296
6
49	51	56	27	18	
1	2	4	6	8	
1238	9	18
17	243
7
86	57	36	93	3	
2	4	5	7	9	
1241	6	12
288	67
8
22	15	71	6	34	
1	3	5	6	8	
1394	5	10
0	188
9
98	58	14	80	16	
2	3	4	5	6	
1651	5	10
231	109
10
78	58	29	49	82	
1	2	3	4	5	
1734	7	14
129	129
11
39	84	12	83	14	
1	3	4	6	8	
1814	6	12
230	69
12
26	16	71	86	46	
2	4	5	7	8	
1822	5	10
130	149
13
56	8	3	38	5	
2	4	5	6	8	
1835	10	20
95	225
14
27	42	15	89	61	
1	3	4	6	8	
1857	9	18
178	270
15
44	57	67	77	88	
2	3	4	5	7	
2016	7	14
92	266
16
9	15	55	49	67	
2	3	4	5	6	
2070	7	14
261	21
17
60	47	77	43	17	
1	2	3	5	7	
2073	6	12
185	189
18
87	72	90	36	40	
1	2	4	6	7	
2151	10	20
253	179
19
38	6	58	81	57	
1	3	4	5	6	
2212	8	16
142	103
20
36	74	100	71	10	
1	2	3	4	5	
2298	8	16
53	238
21
71	58	61	88	70	
1	2	3	5	7	
2303	8	16
116	30
22
93	89	10	31	79	
1	2	3	5	6	
2431	9	18
143	254
23
95	36	25	42	56	
1	3	5	6	7	
2445	6	12
268	261
24
71	29	56	41	40	
1	3	4	6	8	
2651	10	20
39	190
25
27	76	45	39	8	
2	4	6	8	9	
2684	10	20
192	100
26
88	74	17	81	27	
1	3	4	5	7	
2846	5	10
174	260
27
23	51	45	52	46	
1	3	4	5	6	
2853	9	18
123	272
28
3	12	55	71	69	
2	3	5	6	7	
2868	8	16
261	33
29
17	37	16	78	90	
1	2	3	4	5	
2988	5	10
136	24
153	190
127	75