30	5	4000	11
0
3	34	12	35	51	
1	2	4	5	7	
71	5	10
60	204
1
48	17	18	10	76	
2	3	4	6	8	
483	7	14
226	245
2
96	64	99	64	4	
1	2	4	5	7	
507	7	14
67	185
3
36	71	76	75	6	
1	2	4	6	8	
545	6	12
252	30
4
60	63	55	78	55	
2	4	5	7	9	
623	10	20
75	230
5
18	16	63	30	77	
1	2	4	6	8	
629	5	10
213	91
6
51	25	43	75	7	
2	3	4	5	6	
665	7	14
286	245
7
2	92	99	95	57	
1	2	4	5	6	
705	5	10
51	109
8
30	72	10	18	21	
2	3	4	6	7	
813	7	14
7	193
9
57	44	22	89	88	
2	3	4	5	6	
851	9	18
57	97
10
56	16	56	98	97	
1	2	3	5	7	
894	6	12
123	212
11
78	72	33	33	90	
1	2	4	6	8	
1030	8	16
40	11
12
73	7	99	19	62	
1	3	4	6	7	
1094	8	16
262	237
13
96	42	59	75	43	
1	2	4	6	7	
1324	10	20
299	79
14
38	32	12	51	61	
2	4	5	6	7	
1480	9	18
83	114
15
71	82	67	46	11	
2	4	5	6	7	
1484	8	16
78	189
16
65	53	87	79	51	
2	4	6	8	10	
1516	6	12
16	248
17
7	19	35	38	8	
1	2	3	4	5	
1849	8	16
89	183
18
90	20	58	36	73	
2	3	5	7	9	
1855	10	20
265	264
19
82	17	84	100	37	
2	3	4	5	7	
1963	10	20
14	247
20
24	54	45	36	28	
1	3	5	7	9	
1990	10	20
184	221
21
41	95	61	45	99	
2	3	4	5	7	
2186	9	18
168	8
22
72	34	45	55	100	
2	3	5	6	7	
2208	6	12
265	260
23
72	5	78	94	28	
2	3	5	7	8	
2247	9	18
9	219
24
6	18	34	24	51	
1	3	4	6	8	
2603	7	14
58	148
25
42	91	98	50	95	
1	3	4	6	7	
2718	10	20
272	250
26
9	100	100	49	85	
1	2	3	5	7	
2812	8	16
268	153
27
92	42	68	81	65	
1	2	3	5	6	
2875	8	16
63	231
28
71	11	98	42	73	
2	3	4	6	8	
2927	8	16
196	284
29
70	85	72	26	60	
1	3	4	5	7	
2928	7	14
239	184
141	163
39	39