40	5	4000	4
0
24	98	98	53	66	
2	3	4	5	6	
82	5	10
262	31
1
67	45	24	24	77	
1	2	4	6	8	
368	8	16
34	68
2
81	5	7	81	89	
2	3	5	6	7	
448	5	10
227	296
3
10	42	55	40	81	
1	3	4	5	6	
464	10	20
278	147
4
59	5	21	5	55	
1	3	4	6	7	
547	6	12
69	112
5
94	52	33	29	36	
2	4	6	8	10	
667	6	12
154	119
6
27	15	6	25	75	
2	3	4	5	7	
919	5	10
281	160
7
8	85	39	88	95	
2	4	5	6	7	
1031	9	18
251	10
8
2	65	75	96	26	
2	3	4	6	7	
1215	9	18
191	56
9
27	70	88	91	54	
1	3	5	6	7	
1233	5	10
178	20
10
74	47	82	92	38	
1	2	3	4	6	
1495	6	12
65	36
11
3	40	55	89	80	
2	4	5	6	7	
1521	5	10
89	166
12
81	17	38	70	84	
2	4	6	7	9	
1605	8	16
192	31
13
59	55	46	29	39	
2	3	5	7	9	
1773	7	14
262	109
14
42	69	21	54	51	
1	3	4	6	8	
1825	6	12
229	288
15
23	58	64	97	66	
1	3	4	6	7	
1923	5	10
199	120
16
77	62	46	53	71	
2	4	5	7	8	
2208	9	18
14	238
17
2	39	14	11	19	
2	4	5	7	8	
2240	6	12
261	109
18
10	97	62	91	19	
1	3	5	6	8	
2368	6	12
4	138
19
82	81	62	99	71	
2	4	5	7	9	
2506	10	20
188	65
20
4	35	16	40	69	
2	3	4	6	8	
2602	6	12
106	137
21
70	76	69	15	91	
1	3	4	6	8	
2646	5	10
83	16
22
81	97	70	79	40	
1	2	4	5	6	
2647	8	16
31	208
23
72	63	78	51	70	
2	3	5	6	7	
2726	6	12
270	91
24
91	56	31	49	28	
2	4	6	7	8	
2858	5	10
171	269
25
81	81	80	36	30	
2	4	5	6	7	
3000	10	20
123	245
26
38	31	3	29	11	
1	2	3	4	5	
3117	6	12
211	141
27
54	56	23	92	90	
2	4	5	7	8	
3136	8	16
69	178
28
55	95	34	62	83	
1	2	3	5	7	
3259	10	20
155	279
29
25	34	8	41	94	
2	3	5	6	8	
3273	7	14
217	279
30
5	93	33	22	67	
2	3	5	7	8	
3315	5	10
68	164
31
65	99	92	10	48	
1	2	4	5	7	
3325	9	18
187	48
32
78	50	26	76	86	
1	2	3	5	7	
3440	7	14
284	186
33
39	48	7	37	34	
1	3	4	6	7	
3486	5	10
96	225
34
94	5	27	98	1	
2	4	6	8	9	
3516	5	10
97	8
35
88	62	70	9	11	
1	2	4	6	7	
3549	8	16
24	229
36
16	3	37	56	6	
1	2	3	4	5	
3611	9	18
0	107
37
76	57	69	28	60	
2	3	5	6	7	
3815	5	10
171	72
38
45	40	62	9	64	
2	4	5	7	9	
3930	9	18
118	9
39
64	31	69	30	53	
2	3	4	6	7	
3932	6	12
166	1
113	295
81	272