40	5	4000	1
0
64	49	21	7	77	
1	2	4	5	7	
126	6	12
208	225
1
95	89	83	16	23	
2	4	5	6	8	
250	9	18
276	269
2
70	56	19	83	89	
2	4	6	8	9	
309	6	12
1	230
3
57	97	54	4	59	
2	4	5	6	7	
384	6	12
273	109
4
48	52	12	93	71	
2	4	6	7	8	
437	10	20
77	178
5
58	51	65	67	67	
1	2	3	5	7	
486	7	14
182	71
6
34	42	75	95	8	
2	3	4	5	6	
504	9	18
244	274
7
62	30	82	100	56	
1	2	3	5	7	
646	7	14
224	92
8
82	38	78	29	72	
1	3	4	6	8	
826	7	14
77	103
9
27	95	65	69	95	
2	4	5	6	7	
1013	8	16
156	300
10
20	83	54	8	12	
1	2	4	6	7	
1171	9	18
2	1
11
88	49	99	21	88	
2	4	6	7	9	
1230	10	20
87	265
12
32	81	50	45	14	
2	3	5	7	9	
1231	9	18
249	22
13
79	95	73	96	34	
2	3	5	6	7	
1320	7	14
124	81
14
68	86	90	50	15	
1	3	5	7	8	
1456	5	10
66	107
15
47	93	29	20	90	
2	4	5	7	8	
1572	7	14
88	72
16
48	55	36	73	78	
2	3	5	6	8	
1784	6	12
96	20
17
8	75	94	65	86	
1	2	3	4	5	
1804	6	12
120	163
18
84	82	89	54	88	
2	3	5	6	7	
1845	10	20
271	122
19
8	10	19	44	36	
1	3	4	5	7	
1894	5	10
189	79
20
85	1	15	53	48	
2	4	6	8	9	
1925	5	10
230	149
21
23	60	32	86	25	
2	3	4	5	6	
2075	10	20
94	193
22
45	57	86	42	81	
2	4	5	6	8	
2400	7	14
136	215
23
79	5	28	62	1	
1	2	3	4	6	
2461	9	18
15	169
24
79	87	74	43	8	
2	3	5	6	8	
2832	9	18
281	192
25
83	54	68	89	50	
1	3	4	6	8	
2846	8	16
193	62
26
81	56	48	6	85	
1	2	4	5	6	
2865	8	16
17	271
27
8	17	20	6	80	
2	4	6	7	9	
3018	8	16
225	179
28
23	43	81	75	10	
2	4	6	8	10	
3060	8	16
287	249
29
2	99	28	58	20	
1	2	4	6	8	
3137	10	20
204	73
30
9	37	62	71	94	
1	3	4	6	7	
3201	5	10
87	112
31
85	11	86	32	57	
1	2	3	5	7	
3262	8	16
7	161
32
20	32	81	83	41	
2	4	5	7	9	
3342	6	12
201	265
33
54	60	47	65	4	
1	3	5	7	8	
3467	8	16
86	209
34
39	75	23	50	29	
1	3	4	5	6	
3484	6	12
129	255
35
32	27	23	73	44	
1	2	3	4	5	
3500	6	12
24	57
36
31	51	57	82	99	
2	4	5	7	9	
3535	10	20
152	194
37
8	89	94	81	23	
1	2	4	5	7	
3648	8	16
107	182
38
29	23	33	70	21	
1	3	5	7	9	
3689	5	10
43	293
39
35	59	58	74	60	
1	3	5	6	7	
3931	10	20
201	283
75	59
45	289