40	5	4000	11
0
53	14	22	6	12	
1	3	5	7	8	
45	7	14
192	277
1
41	22	36	83	7	
1	3	5	7	8	
290	10	20
46	22
2
38	28	23	65	57	
2	4	5	7	8	
347	7	14
34	249
3
13	6	88	91	50	
1	2	3	5	6	
549	9	18
160	189
4
86	36	74	18	45	
1	3	4	5	6	
590	10	20
274	131
5
15	17	39	26	3	
1	2	3	5	6	
669	7	14
142	145
6
31	28	72	26	6	
2	4	6	7	9	
779	5	10
281	148
7
34	45	9	6	31	
1	3	4	5	6	
852	10	20
196	22
8
95	100	27	34	94	
2	4	6	8	9	
1095	6	12
261	46
9
80	80	47	68	30	
1	2	4	6	8	
1096	6	12
72	294
10
29	26	98	86	79	
1	2	4	6	7	
1229	7	14
16	283
11
27	89	31	59	26	
2	4	6	8	10	
1266	8	16
250	9
12
85	83	74	9	38	
1	3	5	6	7	
1401	6	12
77	162
13
26	16	82	82	12	
1	2	3	5	7	
1515	7	14
162	210
14
100	15	11	54	16	
1	2	4	6	7	
1594	8	16
75	120
15
73	27	46	75	77	
2	4	6	8	9	
1643	9	18
229	53
16
7	34	31	38	72	
2	3	4	5	6	
1652	10	20
154	252
17
91	72	63	47	58	
2	3	5	6	8	
1714	8	16
65	78
18
42	7	50	64	26	
1	3	4	6	7	
1774	10	20
158	117
19
11	74	11	17	95	
1	2	3	5	6	
1830	7	14
18	0
20
88	97	31	2	3	
2	4	5	7	8	
1834	8	16
15	121
21
81	51	78	68	5	
2	4	5	7	9	
1837	5	10
51	283
22
85	57	43	79	75	
2	4	5	7	8	
2259	8	16
173	123
23
58	59	33	75	42	
2	3	5	6	8	
2262	9	18
131	160
24
34	15	31	87	38	
1	2	3	4	5	
2271	5	10
130	149
25
68	90	41	69	33	
1	2	3	4	5	
2433	8	16
163	138
26
1	81	71	5	82	
2	3	4	5	7	
2840	10	20
136	57
27
50	11	63	97	30	
1	3	5	6	8	
2951	7	14
172	237
28
38	87	54	76	74	
2	3	4	5	6	
3345	9	18
299	85
29
44	44	6	92	64	
1	3	4	6	7	
3355	6	12
252	222
30
13	22	79	57	84	
2	3	4	6	8	
3374	8	16
55	74
31
15	40	38	57	29	
1	3	4	5	6	
3423	10	20
39	283
32
50	15	79	85	98	
1	3	4	6	7	
3578	8	16
138	6
33
97	67	18	52	24	
2	4	6	8	10	
3611	8	16
199	184
34
53	46	81	98	17	
2	4	6	8	10	
3672	7	14
223	255
35
87	19	96	48	52	
1	2	4	6	7	
3693	8	16
245	156
36
40	33	4	17	5	
1	3	4	5	7	
3721	7	14
42	136
37
40	9	3	66	59	
1	2	3	4	5	
3777	7	14
246	19
38
21	47	2	46	48	
2	4	5	7	8	
3933	8	16
292	123
39
74	22	29	16	90	
2	4	6	8	9	
3952	7	14
14	101
171	186
273	176