40	5	4000	17
0
51	56	6	49	51	
1	2	3	4	6	
23	9	18
126	290
1
48	35	35	1	19	
1	3	4	5	6	
131	6	12
46	7
2
56	22	60	33	98	
2	4	5	7	8	
148	7	14
263	4
3
28	32	35	22	54	
2	4	5	6	7	
190	6	12
113	173
4
66	22	75	48	6	
1	3	4	6	8	
233	7	14
156	295
5
50	83	98	5	40	
1	3	5	7	9	
292	8	16
28	30
6
57	61	16	30	87	
1	3	4	6	8	
337	8	16
78	249
7
23	7	54	64	37	
1	3	5	6	7	
385	5	10
243	19
8
52	67	67	36	4	
1	3	4	5	6	
419	9	18
189	201
9
21	68	24	51	75	
2	3	5	6	7	
599	6	12
243	182
10
26	90	81	75	74	
2	3	5	7	8	
684	10	20
151	240
11
24	70	91	83	75	
2	3	5	6	7	
785	9	18
146	245
12
85	92	36	5	49	
1	3	5	7	9	
825	10	20
46	82
13
51	76	33	68	40	
2	3	4	5	6	
1035	5	10
231	68
14
25	47	8	35	35	
2	4	6	7	8	
1234	5	10
61	172
15
86	20	4	27	75	
1	3	4	5	6	
1270	7	14
196	103
16
79	17	2	90	3	
1	2	3	4	6	
1329	7	14
57	262
17
92	5	1	66	8	
2	3	5	7	8	
1392	9	18
3	53
18
12	2	52	32	49	
1	3	4	5	7	
1464	10	20
5	126
19
26	19	16	56	84	
2	3	5	7	8	
1489	7	14
184	50
20
18	83	60	74	96	
1	2	4	5	6	
1626	6	12
188	194
21
5	43	83	50	52	
2	4	6	7	9	
1707	6	12
59	46
22
55	48	56	37	43	
2	3	5	6	7	
1867	6	12
180	82
23
88	16	84	23	81	
2	3	5	6	8	
1899	7	14
78	155
24
97	49	62	12	70	
2	4	5	6	8	
1982	6	12
11	226
25
42	82	66	50	92	
1	3	4	6	8	
2231	7	14
284	163
26
5	59	94	30	16	
1	3	5	7	9	
2271	5	10
99	78
27
100	17	64	19	48	
2	3	5	6	8	
2421	10	20
248	20
28
78	52	75	87	20	
1	3	4	5	6	
2636	7	14
20	134
29
33	40	23	74	71	
2	3	5	6	7	
2639	7	14
85	87
30
83	46	21	33	19	
2	4	5	7	8	
2779	9	18
5	49
31
82	91	4	88	43	
2	4	5	6	8	
2816	6	12
290	195
32
90	39	22	10	9	
2	3	4	6	8	
2955	7	14
275	114
33
54	76	62	80	56	
2	3	5	7	8	
2964	5	10
98	149
34
66	48	93	24	75	
1	3	4	6	8	
3032	7	14
267	175
35
3	21	76	26	95	
2	4	6	7	8	
3159	7	14
245	199
36
87	93	100	19	49	
2	3	5	7	8	
3240	7	14
121	291
37
45	63	37	74	29	
1	2	4	5	7	
3422	10	20
287	140
38
21	94	37	62	87	
2	3	5	7	8	
3480	7	14
16	65
39
41	10	42	21	22	
1	2	3	4	5	
3865	5	10
12	293
92	67
88	87