40	5	4000	19
0
86	19	61	53	91	
2	3	4	6	7	
35	6	12
106	192
1
7	88	2	26	13	
1	3	4	5	6	
73	5	10
10	35
2
6	37	9	7	13	
1	2	3	5	7	
131	8	16
44	172
3
73	14	77	20	14	
1	3	5	7	9	
166	9	18
195	75
4
24	96	59	9	58	
2	3	5	7	8	
250	5	10
283	87
5
51	26	13	27	71	
1	3	5	7	9	
270	5	10
42	291
6
22	81	82	64	92	
1	2	4	6	7	
288	6	12
48	236
7
30	33	88	92	32	
1	2	3	5	6	
562	10	20
187	172
8
58	12	82	2	47	
2	3	4	6	8	
717	6	12
49	222
9
70	62	77	40	61	
1	2	4	6	7	
820	7	14
94	41
10
36	50	59	27	86	
2	4	5	6	8	
831	5	10
232	45
11
57	59	75	98	83	
2	3	4	6	7	
914	10	20
244	51
12
51	42	52	78	20	
2	3	4	5	6	
1054	10	20
31	213
13
6	62	25	98	99	
2	3	5	7	9	
1122	10	20
212	271
14
94	78	61	97	63	
2	3	4	6	8	
1256	8	16
120	270
15
92	6	58	100	78	
2	3	4	6	7	
1318	8	16
204	17
16
13	88	14	59	34	
1	2	4	6	7	
1960	5	10
6	203
17
40	3	29	49	53	
2	4	5	6	7	
1972	7	14
59	15
18
16	74	56	32	49	
1	2	3	4	5	
2027	8	16
104	121
19
11	26	88	5	68	
1	2	3	4	5	
2180	10	20
103	85
20
42	73	13	69	13	
2	3	5	7	9	
2306	9	18
281	2
21
23	45	32	86	19	
1	3	4	5	7	
2415	10	20
70	129
22
21	58	85	57	10	
1	3	4	6	7	
2457	9	18
210	96
23
10	36	7	54	53	
1	3	4	5	7	
2520	6	12
19	121
24
35	74	21	18	93	
2	4	6	8	10	
2651	8	16
124	214
25
31	5	26	17	48	
2	4	5	7	9	
2784	8	16
202	93
26
44	71	90	46	60	
2	3	5	7	8	
2820	8	16
118	33
27
9	83	93	26	43	
2	4	5	7	9	
2832	6	12
87	112
28
3	20	18	13	74	
1	3	5	7	8	
2873	5	10
214	131
29
88	28	60	35	51	
1	2	4	6	7	
2928	5	10
184	110
30
27	79	10	71	99	
2	4	5	7	8	
3081	8	16
114	110
31
16	75	13	29	79	
1	3	5	7	9	
3172	10	20
87	56
32
13	32	43	88	59	
2	4	5	6	8	
3321	10	20
211	130
33
26	82	25	85	52	
1	2	4	5	6	
3349	8	16
282	48
34
53	95	52	29	78	
2	3	4	5	6	
3485	8	16
250	97
35
66	49	91	22	43	
2	4	6	7	9	
3576	8	16
280	142
36
8	71	47	30	7	
2	4	5	7	9	
3658	7	14
186	289
37
59	91	36	73	47	
2	3	5	7	9	
3677	8	16
148	75
38
25	69	31	18	73	
1	2	4	5	7	
3726	7	14
152	188
39
95	16	32	61	36	
2	4	5	7	8	
3952	10	20
150	112
21	73
26	40