40	5	4000	8
0
24	8	94	94	40	
2	3	5	6	7	
106	8	16
150	36
1
15	76	9	73	92	
1	3	5	6	8	
280	5	10
146	118
2
83	20	14	6	45	
2	4	5	7	9	
468	6	12
158	43
3
58	77	67	42	73	
1	2	4	5	7	
479	9	18
104	222
4
57	51	2	13	58	
2	3	5	7	8	
718	5	10
234	96
5
98	95	46	16	52	
1	2	3	4	6	
1001	7	14
97	18
6
8	86	88	3	93	
2	4	5	6	7	
1035	10	20
290	68
7
7	76	73	45	15	
1	3	5	6	8	
1375	9	18
164	109
8
76	13	43	64	75	
2	4	5	6	8	
1449	8	16
168	177
9
52	34	61	27	73	
1	2	3	4	6	
1577	5	10
7	201
10
97	94	81	95	68	
1	3	4	6	8	
1590	7	14
52	82
11
8	2	21	97	88	
2	4	5	7	9	
1599	9	18
142	152
12
72	94	32	83	79	
1	3	5	6	7	
1701	6	12
127	130
13
40	21	73	54	22	
2	3	5	6	7	
1847	8	16
35	205
14
52	89	90	76	31	
2	4	5	6	8	
1863	8	16
171	191
15
77	31	83	51	42	
1	2	4	6	8	
1942	8	16
249	261
16
33	2	9	31	40	
2	4	5	7	9	
2045	6	12
227	123
17
91	22	85	61	86	
2	3	4	6	8	
2262	10	20
273	182
18
20	95	87	75	8	
1	3	4	6	8	
2262	5	10
226	139
19
12	1	82	81	46	
2	4	5	6	7	
2288	8	16
279	185
20
47	31	61	72	87	
2	3	5	6	8	
2359	5	10
120	204
21
77	74	23	1	5	
1	2	3	5	7	
2434	9	18
232	8
22
75	50	68	85	65	
1	3	5	6	8	
2548	5	10
231	265
23
46	27	42	74	64	
2	3	5	7	9	
2587	6	12
178	233
24
27	63	9	21	92	
1	3	5	6	7	
2669	6	12
221	62
25
97	75	50	16	87	
1	2	3	4	5	
2699	6	12
258	263
26
11	52	22	34	92	
1	2	4	5	6	
2757	6	12
104	230
27
37	8	72	32	54	
2	3	4	5	6	
2800	10	20
96	111
28
82	5	10	60	49	
2	4	5	6	8	
2808	5	10
205	24
29
43	55	14	88	94	
1	3	4	5	7	
2857	5	10
136	125
30
67	40	83	99	71	
1	3	5	7	9	
2868	9	18
239	221
31
80	65	40	99	18	
2	4	6	7	9	
3004	8	16
46	47
32
65	96	39	54	93	
2	4	6	8	9	
3067	10	20
109	110
33
40	60	79	2	37	
1	3	5	7	9	
3092	8	16
137	232
34
27	29	89	86	15	
1	2	4	5	6	
3282	6	12
257	140
35
1	72	54	96	61	
1	3	4	5	6	
3379	10	20
222	69
36
58	18	51	1	49	
1	2	4	5	6	
3408	5	10
177	37
37
61	89	96	38	92	
2	3	5	6	8	
3436	8	16
99	251
38
47	3	34	3	76	
1	2	4	5	7	
3508	7	14
60	128
39
67	20	6	4	66	
2	4	6	7	8	
3779	5	10
129	291
32	300
175	50