40	5	4000	18
0
71	37	19	12	93	
2	4	6	7	9	
37	9	18
210	14
1
46	73	88	2	67	
2	3	5	6	8	
165	9	18
268	68
2
45	27	48	74	34	
1	3	5	7	8	
170	10	20
178	240
3
81	21	54	78	8	
2	3	5	6	8	
222	8	16
107	222
4
25	41	33	55	84	
1	2	3	4	6	
247	7	14
289	74
5
46	51	32	42	8	
2	4	6	7	8	
406	5	10
115	296
6
22	45	38	74	43	
2	3	4	6	7	
421	8	16
116	192
7
48	54	25	75	53	
1	3	4	6	7	
440	6	12
290	300
8
91	13	9	99	70	
1	3	5	6	7	
732	6	12
226	196
9
88	9	47	24	28	
1	2	3	5	6	
763	8	16
107	191
10
20	50	60	89	37	
2	3	5	7	8	
856	9	18
41	174
11
32	77	83	92	9	
2	3	4	5	7	
885	8	16
168	287
12
47	77	12	5	82	
1	3	5	7	8	
930	8	16
259	17
13
10	6	15	42	55	
2	4	6	7	9	
937	9	18
216	117
14
33	45	52	22	44	
2	4	6	8	9	
1046	6	12
243	216
15
98	99	4	87	17	
2	3	4	5	7	
1073	9	18
34	296
16
43	89	65	48	10	
1	2	4	6	8	
1108	8	16
161	3
17
63	85	81	19	41	
1	2	4	5	6	
1244	8	16
108	121
18
51	58	4	87	99	
1	3	4	6	8	
1432	7	14
20	93
19
51	21	56	79	52	
1	2	3	5	6	
1443	9	18
110	292
20
94	68	98	56	1	
2	4	5	6	8	
1847	6	12
155	244
21
30	20	80	73	57	
1	3	4	5	7	
1910	5	10
244	64
22
88	47	61	69	89	
2	3	5	7	8	
1959	10	20
75	134
23
31	22	91	57	59	
1	2	4	6	8	
2275	6	12
42	171
24
96	18	1	99	27	
2	3	4	5	6	
2315	6	12
286	291
25
88	90	44	54	36	
2	4	5	7	8	
2384	6	12
237	130
26
16	41	78	14	71	
2	4	5	7	9	
2463	9	18
28	171
27
93	100	21	13	82	
2	3	5	7	8	
2581	9	18
284	57
28
2	20	20	48	37	
2	4	6	7	9	
2618	6	12
289	209
29
68	11	29	6	11	
2	4	5	6	7	
2750	10	20
107	1
30
36	18	88	9	32	
2	3	4	6	7	
2756	8	16
65	208
31
62	27	44	25	25	
1	3	4	6	8	
2885	5	10
70	65
32
50	66	62	63	49	
2	4	6	8	10	
2913	6	12
91	64
33
47	95	61	48	32	
2	3	4	5	6	
3162	7	14
234	34
34
24	94	95	4	15	
2	3	4	5	7	
3250	9	18
53	297
35
14	51	62	38	88	
1	2	4	6	8	
3333	6	12
208	35
36
28	81	58	64	9	
2	3	5	7	9	
3585	8	16
172	94
37
13	75	21	16	32	
2	4	6	8	9	
3765	8	16
286	35
38
22	44	71	17	60	
1	2	3	5	6	
3838	10	20
297	262
39
24	54	69	82	47	
1	3	4	5	6	
3898	10	20
105	250
153	167
80	173