40	5	4000	10
0
59	4	14	37	76	
1	2	4	6	7	
85	9	18
70	135
1
13	31	64	57	45	
1	3	5	6	8	
129	10	20
239	210
2
76	22	55	47	46	
2	3	5	7	8	
154	9	18
92	71
3
72	49	75	87	12	
1	2	3	4	6	
177	7	14
197	270
4
13	77	68	54	64	
1	3	5	7	9	
458	6	12
140	68
5
32	59	3	49	50	
1	3	4	5	6	
485	9	18
56	176
6
1	82	96	73	94	
2	4	6	7	8	
533	7	14
90	165
7
41	87	91	8	33	
1	2	4	5	6	
666	6	12
114	177
8
75	77	49	39	49	
2	3	5	7	9	
788	7	14
77	125
9
33	26	8	39	99	
2	3	4	5	7	
855	10	20
33	258
10
38	100	36	20	9	
1	3	4	6	8	
940	6	12
223	114
11
94	80	50	67	7	
1	3	5	6	7	
940	9	18
62	141
12
11	33	67	59	57	
1	3	5	7	8	
982	8	16
296	39
13
38	6	22	52	38	
2	3	5	6	7	
1054	7	14
92	141
14
53	65	72	96	99	
1	2	3	5	7	
1054	5	10
26	263
15
83	43	28	19	58	
1	3	5	6	8	
1372	9	18
32	75
16
86	95	14	54	45	
1	3	4	6	7	
1646	7	14
107	231
17
27	13	24	92	46	
2	3	5	7	9	
1699	6	12
124	253
18
45	80	84	7	70	
2	3	5	7	8	
1703	6	12
248	25
19
100	22	77	49	75	
2	4	6	8	9	
1760	8	16
268	30
20
39	55	60	33	52	
1	3	4	6	7	
1773	6	12
169	89
21
31	6	57	95	48	
1	2	4	5	6	
1775	5	10
193	123
22
43	13	91	14	76	
1	3	5	7	8	
1789	8	16
68	114
23
76	29	27	15	49	
1	3	5	7	8	
1793	7	14
276	184
24
27	84	95	55	81	
1	3	4	6	7	
2163	7	14
261	224
25
11	1	90	94	66	
1	3	4	5	6	
2197	7	14
99	261
26
38	70	14	19	92	
2	4	6	8	9	
2212	8	16
97	168
27
54	100	55	87	96	
2	4	5	7	8	
2510	6	12
40	59
28
84	10	15	66	98	
2	4	5	7	9	
2639	9	18
35	158
29
64	100	33	28	42	
2	4	6	8	10	
3070	10	20
83	263
30
66	19	6	10	44	
2	4	6	7	8	
3071	9	18
194	25
31
44	84	54	64	39	
2	3	4	5	6	
3440	8	16
95	139
32
63	90	36	27	46	
1	2	4	5	7	
3652	9	18
146	275
33
10	61	43	33	39	
1	2	3	4	6	
3778	7	14
166	241
34
36	80	93	76	23	
2	4	5	7	8	
3873	7	14
202	22
35
68	5	36	45	56	
2	3	4	5	6	
3882	10	20
252	282
36
17	20	5	4	64	
2	3	4	6	7	
3898	10	20
298	162
37
42	78	85	65	83	
2	3	5	7	8	
3921	8	16
36	93
38
51	21	82	79	30	
2	4	5	6	7	
3931	6	12
195	177
39
63	97	47	17	63	
1	2	4	6	7	
3984	6	12
175	0
90	134
79	228