40	5	4000	14
0
40	1	99	63	44	
1	2	3	4	5	
129	9	18
234	122
1
3	94	53	49	94	
2	3	4	6	7	
144	10	20
293	15
2
1	6	13	7	82	
2	4	6	8	10	
148	5	10
191	114
3
77	100	53	72	73	
1	2	4	5	6	
185	10	20
267	20
4
8	47	44	30	73	
1	2	3	5	7	
342	6	12
123	216
5
35	24	57	40	56	
1	2	4	6	7	
451	10	20
80	256
6
11	69	25	78	8	
2	4	5	7	9	
533	9	18
87	238
7
76	49	6	30	38	
2	3	4	6	8	
598	9	18
139	4
8
86	40	51	6	67	
2	4	6	7	9	
599	7	14
189	288
9
53	76	60	97	32	
1	3	5	6	7	
706	9	18
5	189
10
10	84	46	61	66	
1	2	4	5	7	
773	6	12
204	99
11
57	51	93	53	96	
1	3	5	7	9	
908	6	12
201	158
12
67	71	46	55	19	
2	3	4	6	7	
921	5	10
5	254
13
43	60	47	28	47	
2	3	4	5	7	
927	9	18
110	22
14
72	78	77	53	34	
1	2	3	4	6	
1106	8	16
134	72
15
14	85	69	1	25	
2	4	6	8	10	
1199	6	12
134	99
16
100	71	51	42	1	
2	3	4	5	7	
1346	5	10
10	233
17
76	70	64	47	54	
1	3	5	7	9	
1390	10	20
166	261
18
51	89	54	80	70	
1	3	5	6	7	
1544	7	14
198	289
19
13	41	4	5	98	
2	4	5	6	7	
1584	9	18
182	211
20
14	31	45	11	21	
2	3	4	6	7	
1603	9	18
287	141
21
33	16	40	61	51	
1	3	4	6	8	
1669	6	12
46	0
22
62	31	6	22	20	
1	2	3	5	7	
1713	9	18
62	16
23
26	70	65	34	14	
2	3	5	6	7	
1779	10	20
47	89
24
100	84	29	98	35	
2	4	6	7	8	
1876	9	18
105	28
25
16	33	19	85	69	
1	3	5	7	8	
1877	10	20
14	36
26
82	82	58	26	56	
2	4	6	7	9	
2227	5	10
251	244
27
64	65	6	82	10	
1	2	4	5	6	
2260	8	16
114	223
28
46	91	18	55	56	
1	3	5	6	7	
2478	6	12
179	215
29
5	8	82	45	93	
1	2	4	5	7	
2505	9	18
294	58
30
95	23	15	16	62	
2	3	5	7	9	
2680	9	18
111	59
31
43	19	92	81	1	
1	3	5	7	8	
2686	5	10
18	285
32
32	67	63	36	22	
2	3	4	5	6	
2713	9	18
61	46
33
76	1	68	51	54	
2	3	4	5	6	
3225	9	18
103	60
34
22	33	6	20	96	
2	4	6	8	10	
3443	7	14
255	72
35
18	27	76	11	38	
2	4	5	6	7	
3511	9	18
51	60
36
81	66	61	56	27	
1	2	3	4	5	
3666	7	14
71	172
37
69	64	96	51	64	
1	3	4	6	8	
3690	7	14
270	264
38
25	69	79	14	71	
1	3	4	5	6	
3740	7	14
92	292
39
79	84	18	73	68	
2	4	5	7	8	
3823	7	14
171	278
200	118
268	112