40	5	4000	7
0
33	40	69	57	57	
1	3	4	5	7	
128	9	18
299	157
1
42	42	22	68	78	
1	3	4	5	7	
147	5	10
124	203
2
36	10	39	43	85	
2	3	4	5	7	
222	9	18
254	277
3
65	35	81	14	16	
1	2	4	6	7	
281	8	16
183	4
4
40	6	96	90	21	
2	3	5	6	7	
506	7	14
90	41
5
68	68	95	72	55	
1	3	5	7	9	
559	5	10
180	259
6
22	68	4	70	94	
2	4	6	7	9	
654	7	14
194	63
7
92	26	45	22	36	
2	3	5	7	8	
731	9	18
45	12
8
57	95	67	75	95	
1	3	4	6	7	
890	10	20
233	72
9
11	8	46	17	92	
2	4	5	7	9	
1035	6	12
202	79
10
59	85	29	51	20	
2	3	4	5	7	
1062	6	12
135	48
11
17	55	47	62	88	
1	2	4	5	7	
1108	7	14
77	186
12
87	12	78	90	1	
2	4	6	8	9	
1163	10	20
154	106
13
66	98	2	86	79	
2	4	5	6	7	
1258	10	20
267	176
14
53	4	100	75	19	
1	3	4	6	7	
1386	7	14
300	112
15
10	51	20	35	98	
1	2	3	5	6	
1406	5	10
196	246
16
94	85	39	50	45	
2	4	5	6	7	
1486	8	16
102	45
17
79	47	9	100	35	
2	3	5	7	8	
1578	6	12
149	299
18
20	19	42	75	94	
1	2	4	6	7	
1640	10	20
176	128
19
54	93	29	96	10	
1	3	5	7	8	
1958	7	14
247	31
20
46	2	11	78	88	
1	3	5	6	7	
1982	5	10
212	101
21
7	40	54	40	99	
1	2	3	4	5	
2200	6	12
25	99
22
61	9	69	85	3	
2	3	4	5	7	
2298	9	18
52	235
23
39	82	52	88	71	
2	4	5	7	8	
2440	6	12
152	170
24
7	85	92	96	34	
1	2	3	5	7	
2463	5	10
236	93
25
54	38	31	10	53	
2	4	5	6	7	
2666	5	10
210	208
26
25	43	17	33	97	
2	3	5	6	8	
2702	8	16
75	205
27
65	37	79	87	30	
1	3	5	6	8	
2984	6	12
130	50
28
70	87	99	83	54	
1	2	4	5	6	
3065	5	10
123	182
29
70	86	34	41	66	
2	4	5	6	8	
3074	5	10
38	83
30
77	20	51	46	63	
1	3	4	5	6	
3149	7	14
122	206
31
56	3	4	63	12	
1	2	3	4	5	
3168	7	14
252	151
32
10	80	19	27	87	
2	3	4	6	8	
3348	10	20
270	300
33
65	60	81	76	80	
1	2	4	5	7	
3424	7	14
133	237
34
39	16	42	24	80	
2	4	6	7	9	
3470	6	12
114	185
35
48	100	85	16	69	
1	3	4	6	8	
3503	9	18
225	237
36
53	69	8	15	54	
1	2	3	5	7	
3691	6	12
226	98
37
40	52	95	4	69	
1	2	4	6	7	
3790	6	12
257	170
38
94	99	40	89	43	
1	2	3	5	6	
3804	10	20
195	207
39
99	2	71	22	15	
2	3	5	6	8	
3991	6	12
44	179
196	91
130	251