40	5	4000	16
0
59	21	80	59	45	
1	3	4	5	6	
28	6	12
76	123
1
14	24	4	59	31	
2	4	5	7	9	
55	5	10
17	27
2
86	31	5	6	56	
2	4	6	7	9	
160	5	10
261	255
3
19	28	28	5	26	
1	2	4	6	8	
259	8	16
207	97
4
63	21	18	21	73	
1	2	4	6	7	
411	7	14
137	225
5
13	100	9	96	42	
1	3	4	6	8	
581	8	16
259	75
6
53	80	98	33	31	
1	2	3	4	5	
588	7	14
145	123
7
32	50	11	48	22	
2	3	5	7	9	
946	6	12
211	253
8
78	94	66	63	88	
2	4	5	7	8	
992	9	18
280	197
9
77	24	43	20	99	
1	2	3	4	6	
1038	5	10
220	185
10
72	74	43	49	75	
1	2	3	4	6	
1149	7	14
55	129
11
71	86	11	45	49	
1	3	4	5	7	
1212	7	14
262	26
12
97	28	85	87	100	
2	3	4	5	7	
1252	7	14
116	239
13
62	38	19	59	30	
2	4	6	7	8	
1300	6	12
231	22
14
92	31	99	68	5	
2	3	5	7	8	
1349	6	12
99	3
15
23	30	42	6	65	
1	2	3	5	6	
1370	6	12
35	181
16
1	96	98	61	49	
1	3	5	7	8	
1423	10	20
270	157
17
94	64	92	5	36	
2	4	6	8	10	
1433	5	10
83	106
18
68	94	39	79	81	
1	2	4	6	8	
1658	6	12
77	76
19
34	39	91	5	7	
1	2	3	4	5	
1727	6	12
274	72
20
90	62	38	67	59	
2	3	5	7	8	
1798	6	12
99	279
21
1	26	55	35	38	
2	3	4	6	7	
1840	10	20
140	200
22
47	86	43	41	11	
2	4	5	7	8	
2044	5	10
83	295
23
17	11	83	57	26	
2	3	5	6	8	
2282	5	10
289	20
24
27	97	7	42	75	
2	4	5	6	7	
2376	6	12
51	254
25
56	30	61	3	10	
1	3	4	6	8	
2812	5	10
76	141
26
100	17	32	58	1	
2	4	5	7	9	
2838	7	14
98	156
27
15	71	40	73	58	
1	3	5	6	8	
2942	5	10
255	264
28
52	85	68	3	55	
1	2	3	4	5	
2964	7	14
74	154
29
92	36	18	18	80	
1	2	3	5	6	
3083	8	16
51	2
30
51	63	20	79	85	
2	4	5	7	8	
3137	7	14
121	82
31
63	70	74	62	92	
2	3	4	5	6	
3147	6	12
80	50
32
32	58	94	92	57	
2	3	4	6	8	
3365	5	10
287	51
33
51	29	4	73	28	
1	3	5	7	9	
3727	9	18
269	37
34
49	22	61	37	63	
1	3	4	6	7	
3730	10	20
123	257
35
6	46	97	75	78	
2	4	5	7	8	
3772	6	12
25	58
36
6	72	44	35	4	
1	3	5	7	9	
3841	10	20
186	85
37
59	86	80	34	15	
1	3	5	6	8	
3934	6	12
67	169
38
8	48	45	95	56	
1	3	4	6	8	
3971	10	20
13	204
39
90	69	52	86	64	
2	3	4	5	7	
3995	7	14
223	188
65	283
73	5