40	5	4000	0
0
59	16	48	17	67	
2	4	6	7	8	
169	6	12
287	45
1
26	40	57	55	100	
1	3	4	6	8	
610	9	18
273	11
2
25	29	90	26	45	
1	2	4	5	7	
613	9	18
207	249
3
70	11	62	87	87	
1	3	4	6	7	
770	6	12
272	300
4
47	86	49	77	88	
1	2	3	5	7	
918	10	20
270	22
5
41	60	23	89	44	
2	4	6	7	9	
1051	9	18
206	31
6
6	36	10	87	68	
2	4	5	6	7	
1218	6	12
33	108
7
69	7	16	23	23	
2	4	5	6	8	
1300	6	12
271	139
8
67	82	82	71	40	
2	4	6	7	8	
1404	5	10
193	288
9
48	92	100	47	45	
2	4	6	8	10	
1406	8	16
191	113
10
19	58	84	43	15	
2	3	4	5	7	
1448	8	16
225	158
11
12	52	69	85	59	
2	3	4	6	8	
1466	5	10
18	189
12
21	59	76	98	73	
1	3	5	6	7	
1491	10	20
92	27
13
60	11	87	80	66	
1	2	4	6	7	
1540	6	12
240	291
14
49	54	77	23	33	
2	4	6	7	9	
1697	9	18
91	268
15
65	17	22	66	37	
1	2	3	5	7	
1922	9	18
56	284
16
92	95	98	82	96	
2	4	6	7	8	
1973	7	14
65	195
17
55	10	28	72	75	
2	4	6	8	10	
2041	9	18
16	275
18
84	57	22	85	4	
1	3	4	6	7	
2150	6	12
52	214
19
64	96	33	33	58	
2	4	5	6	8	
2224	7	14
9	81
20
91	6	61	82	67	
2	3	4	6	8	
2247	8	16
2	249
21
100	51	50	36	96	
1	2	3	4	5	
2275	8	16
282	92
22
56	52	20	67	16	
1	2	3	5	7	
2317	10	20
7	246
23
15	2	97	17	89	
1	2	3	4	5	
2430	9	18
39	211
24
98	70	77	17	14	
1	2	4	6	8	
2431	7	14
130	110
25
89	51	60	81	62	
1	3	4	5	7	
2491	7	14
223	246
26
72	34	10	8	81	
2	3	4	5	6	
2611	6	12
142	155
27
49	31	20	45	23	
1	2	3	5	7	
2620	6	12
4	244
28
75	28	93	77	5	
2	4	6	8	9	
2635	7	14
43	189
29
31	87	60	2	97	
1	2	4	5	6	
2705	5	10
191	133
30
81	90	30	98	54	
1	2	3	4	6	
2711	8	16
246	296
31
4	17	9	1	98	
1	2	4	5	6	
2778	8	16
251	272
32
85	10	65	4	25	
2	3	4	5	6	
2892	6	12
64	197
33
18	56	77	57	54	
1	3	5	7	9	
2948	6	12
294	47
34
37	30	42	79	98	
1	2	3	4	5	
3068	5	10
78	161
35
58	9	67	67	72	
2	3	5	6	8	
3111	8	16
159	80
36
87	66	68	4	10	
1	3	4	6	8	
3238	10	20
229	64
37
96	43	82	21	24	
2	3	5	6	7	
3417	7	14
44	237
38
33	8	25	87	59	
1	2	3	4	5	
3459	6	12
151	223
39
26	19	14	32	73	
2	4	5	6	8	
3545	10	20
107	186
146	21
86	107