40	5	4000	15
0
48	86	46	76	76	
2	3	5	6	7	
12	7	14
125	262
1
3	13	39	85	15	
1	3	4	6	8	
82	8	16
182	78
2
55	83	59	70	30	
2	3	5	7	9	
118	9	18
175	275
3
20	66	58	21	76	
2	4	5	6	7	
380	5	10
82	178
4
57	97	63	4	31	
1	3	5	6	8	
444	9	18
17	67
5
44	38	48	18	4	
1	2	3	5	7	
483	7	14
12	107
6
1	57	74	67	88	
2	4	6	7	9	
598	7	14
157	36
7
14	71	84	19	45	
2	4	5	7	9	
782	6	12
141	147
8
81	5	58	96	57	
2	3	5	6	8	
899	6	12
36	122
9
32	92	85	72	30	
2	4	5	6	8	
963	5	10
40	55
10
70	39	51	72	76	
2	3	5	7	9	
1131	8	16
155	19
11
9	34	38	72	53	
1	2	4	6	7	
1241	5	10
159	100
12
38	45	27	6	71	
1	3	5	7	8	
1306	8	16
37	271
13
79	8	20	96	15	
2	4	5	7	9	
1605	7	14
129	200
14
38	53	28	22	58	
1	3	5	7	8	
1707	5	10
209	87
15
74	1	19	38	63	
1	3	4	6	8	
1840	5	10
7	219
16
47	54	64	52	49	
2	4	5	6	8	
1872	8	16
106	104
17
100	65	1	78	55	
2	4	6	7	8	
2143	10	20
140	77
18
7	3	14	47	28	
2	4	5	6	8	
2224	10	20
201	267
19
19	78	66	50	49	
2	4	5	7	8	
2226	7	14
30	53
20
17	9	89	10	66	
1	2	3	4	6	
2391	5	10
56	179
21
27	60	77	12	53	
2	3	5	6	7	
2450	7	14
139	76
22
50	68	57	59	7	
2	4	6	8	9	
2506	6	12
23	145
23
36	76	54	87	26	
2	3	4	6	8	
2562	10	20
187	225
24
61	61	93	98	100	
2	4	6	7	8	
2695	8	16
22	52
25
57	47	63	94	88	
2	3	4	6	7	
2899	10	20
68	96
26
75	29	99	5	94	
2	4	5	6	8	
2995	7	14
238	198
27
72	61	80	32	17	
2	4	6	8	9	
3008	5	10
33	75
28
66	92	64	32	90	
1	3	5	6	7	
3207	5	10
241	20
29
89	34	17	92	30	
2	3	4	5	7	
3219	6	12
27	65
30
12	4	79	23	63	
2	4	5	6	8	
3280	8	16
254	235
31
18	83	92	76	47	
1	2	3	5	6	
3309	6	12
271	259
32
44	86	65	12	30	
1	3	4	5	7	
3321	9	18
240	206
33
44	78	18	57	93	
2	4	5	6	7	
3343	10	20
29	63
34
53	63	70	21	98	
1	3	5	6	7	
3499	6	12
243	152
35
15	58	29	25	73	
1	3	4	6	8	
3510	8	16
68	38
36
83	68	69	51	28	
2	3	5	6	8	
3643	5	10
294	134
37
28	38	51	68	17	
2	3	5	6	7	
3753	6	12
154	111
38
68	51	45	46	7	
1	3	4	6	7	
3851	10	20
44	171
39
3	34	83	73	71	
1	2	4	6	7	
3893	7	14
247	34
1	39
189	192