40	5	4000	5
0
74	21	85	69	82	
1	2	4	6	8	
160	7	14
244	74
1
37	16	19	3	36	
1	2	4	5	6	
177	10	20
251	196
2
10	32	19	83	38	
1	2	3	5	6	
201	7	14
111	81
3
60	30	17	89	18	
2	4	6	8	10	
203	9	18
283	153
4
75	65	45	82	41	
2	4	5	7	8	
290	7	14
41	168
5
84	55	61	11	36	
1	3	4	5	7	
344	7	14
227	241
6
40	56	88	21	6	
1	3	4	6	7	
558	10	20
194	126
7
27	27	93	76	99	
1	2	4	5	6	
617	6	12
52	272
8
58	58	80	17	12	
2	4	5	7	8	
627	5	10
226	226
9
13	22	39	61	54	
2	4	5	6	7	
722	9	18
11	254
10
99	93	23	83	82	
1	3	4	6	7	
1017	5	10
244	169
11
7	96	86	64	48	
2	3	4	6	7	
1051	8	16
107	30
12
16	36	47	65	91	
2	4	6	7	8	
1077	8	16
14	156
13
69	52	80	69	83	
2	4	6	7	9	
1097	5	10
160	160
14
46	78	59	70	50	
1	2	3	5	6	
1145	6	12
71	142
15
8	25	38	32	77	
1	2	4	5	7	
1146	6	12
167	143
16
26	65	10	42	9	
2	4	5	6	8	
1231	6	12
46	13
17
92	2	49	1	62	
2	3	5	7	8	
1316	9	18
233	23
18
10	26	42	15	39	
1	2	4	5	7	
1422	9	18
256	90
19
42	21	72	80	60	
1	3	4	6	8	
1773	7	14
253	83
20
95	10	26	49	93	
2	4	6	8	10	
1799	7	14
96	208
21
96	58	37	27	23	
2	3	5	7	8	
1824	6	12
19	243
22
4	30	67	33	51	
2	3	4	6	8	
1979	7	14
97	10
23
8	29	92	96	83	
2	3	5	7	9	
1980	7	14
26	16
24
38	51	43	9	100	
1	2	3	5	6	
2626	7	14
288	193
25
30	20	6	100	30	
2	4	5	7	9	
2692	10	20
83	251
26
70	9	94	68	73	
1	3	5	7	8	
2818	5	10
237	104
27
37	96	46	96	7	
1	3	4	5	7	
2991	6	12
170	29
28
61	22	11	92	45	
1	3	4	6	8	
3016	7	14
178	47
29
57	72	75	95	24	
2	3	5	7	9	
3019	8	16
79	65
30
24	77	75	80	88	
2	3	5	6	8	
3160	8	16
210	106
31
58	36	64	86	5	
1	3	5	6	7	
3244	10	20
275	223
32
71	41	33	62	43	
2	3	5	6	7	
3307	7	14
186	215
33
43	25	1	66	20	
2	3	5	6	8	
3308	7	14
260	222
34
12	70	68	64	54	
2	3	5	6	7	
3350	7	14
27	140
35
68	45	68	29	41	
1	2	3	4	5	
3451	8	16
196	195
36
93	96	100	55	70	
1	2	4	6	8	
3461	10	20
191	238
37
3	10	15	28	84	
1	3	5	6	7	
3506	10	20
257	147
38
64	66	42	84	14	
2	3	4	6	7	
3799	8	16
291	241
39
99	44	40	16	10	
2	4	5	7	9	
3858	5	10
171	92
101	72
229	150