40	5	4000	13
0
35	90	63	42	83	
1	2	4	6	8	
1	9	18
194	263
1
68	44	23	30	60	
1	3	5	7	8	
78	7	14
176	194
2
26	53	41	14	4	
1	2	4	5	7	
172	6	12
172	272
3
77	96	90	2	21	
1	2	3	4	6	
338	6	12
8	66
4
55	40	89	58	20	
1	3	5	7	9	
420	10	20
101	69
5
55	85	27	69	59	
1	2	4	6	8	
464	9	18
108	34
6
57	84	55	44	52	
1	2	3	5	7	
475	5	10
210	144
7
25	3	87	77	18	
2	3	5	7	8	
483	6	12
66	175
8
38	63	76	32	25	
1	2	4	6	7	
674	10	20
99	250
9
94	11	83	20	87	
1	3	5	6	7	
1443	6	12
290	297
10
87	2	35	42	17	
2	4	6	7	8	
1465	5	10
144	142
11
75	50	36	15	66	
1	3	5	7	9	
1705	5	10
21	173
12
47	51	15	55	84	
1	3	4	6	7	
1862	9	18
197	82
13
64	58	80	35	49	
2	4	5	6	8	
1873	9	18
138	227
14
19	26	35	98	80	
2	3	5	6	7	
1939	8	16
248	150
15
92	45	76	52	82	
2	3	5	7	8	
1941	10	20
263	179
16
69	6	38	98	22	
2	4	6	7	8	
2023	6	12
251	128
17
40	50	78	44	23	
2	4	6	8	10	
2104	10	20
287	96
18
26	10	60	28	73	
2	3	4	5	7	
2105	9	18
7	17
19
27	61	97	34	100	
2	4	5	6	8	
2284	8	16
210	200
20
92	77	29	51	3	
2	3	5	7	8	
2360	7	14
270	57
21
20	85	81	7	48	
2	4	5	6	7	
2396	8	16
79	220
22
57	66	82	15	91	
2	3	5	6	8	
2579	7	14
173	189
23
64	10	86	14	55	
2	4	6	8	9	
2711	6	12
207	4
24
23	93	10	36	3	
1	2	4	5	6	
2721	5	10
126	182
25
33	33	79	22	56	
1	3	5	7	9	
2746	9	18
19	76
26
66	37	50	20	91	
1	3	5	6	7	
2866	5	10
213	281
27
27	37	11	41	97	
2	4	5	6	7	
2906	7	14
79	48
28
69	32	92	90	34	
2	3	4	6	8	
2997	8	16
189	149
29
83	3	10	94	68	
2	3	4	5	7	
3007	6	12
175	129
30
49	100	4	64	42	
1	2	4	6	8	
3079	7	14
114	253
31
61	27	16	2	76	
2	3	4	5	7	
3226	9	18
218	106
32
94	41	38	24	71	
2	4	5	6	7	
3266	6	12
201	152
33
63	74	56	99	18	
1	3	4	5	7	
3309	9	18
245	161
34
55	75	1	79	30	
2	3	4	5	6	
3380	10	20
175	210
35
36	66	16	9	16	
1	3	4	5	7	
3478	6	12
90	217
36
55	38	37	1	60	
2	3	4	5	6	
3494	7	14
288	280
37
78	90	31	23	9	
2	3	4	5	7	
3771	8	16
173	136
38
26	68	48	23	31	
1	2	4	6	8	
3804	7	14
251	284
39
87	48	5	34	91	
2	4	5	7	9	
3826	5	10
223	29
37	3
26	104