40	5	4000	3
0
80	93	22	28	18	
1	3	5	7	9	
15	7	14
19	194
1
84	98	79	89	87	
1	2	3	4	6	
31	5	10
81	249
2
71	89	13	60	83	
1	2	3	4	6	
45	9	18
57	9
3
68	69	34	24	60	
2	3	4	5	7	
97	10	20
131	207
4
73	75	20	52	47	
2	4	5	7	9	
297	7	14
153	245
5
25	59	81	79	86	
1	3	5	7	9	
378	10	20
229	12
6
96	79	32	66	48	
1	3	5	6	7	
433	5	10
182	142
7
67	30	13	96	56	
1	3	4	6	7	
582	9	18
163	65
8
86	94	44	88	73	
2	4	6	7	8	
628	5	10
272	150
9
38	12	32	73	25	
1	3	5	7	9	
643	9	18
60	270
10
68	46	25	55	75	
1	3	4	5	7	
669	10	20
206	241
11
6	1	14	44	62	
1	3	4	6	8	
701	6	12
300	167
12
87	9	69	11	27	
2	3	4	6	8	
755	9	18
200	95
13
19	46	72	39	93	
1	3	4	5	6	
769	7	14
218	61
14
77	61	81	48	11	
1	3	5	7	9	
977	7	14
296	12
15
74	27	75	21	3	
1	3	4	5	7	
1044	6	12
6	60
16
84	88	99	80	29	
1	2	4	6	7	
1285	5	10
196	186
17
90	75	97	29	5	
1	3	4	6	7	
1423	9	18
16	250
18
48	97	81	89	88	
1	2	3	5	7	
1461	5	10
134	98
19
17	91	12	83	27	
1	2	4	6	7	
1598	7	14
75	104
20
51	15	3	75	21	
1	3	5	7	8	
1774	6	12
280	218
21
46	44	89	63	29	
1	3	5	7	9	
1805	10	20
194	151
22
68	16	11	58	59	
2	3	5	7	9	
1879	10	20
49	157
23
45	45	100	51	70	
1	2	4	6	7	
2084	9	18
3	187
24
3	61	13	6	77	
1	3	4	6	8	
2349	7	14
241	62
25
76	80	8	78	55	
1	2	3	5	6	
2404	10	20
285	173
26
4	17	62	53	76	
1	2	3	4	5	
2569	5	10
107	45
27
92	28	91	1	23	
1	2	3	4	6	
2652	7	14
170	126
28
82	52	62	75	13	
2	3	4	5	7	
2684	10	20
201	241
29
39	82	43	87	58	
2	3	4	5	6	
2686	10	20
39	187
30
51	79	97	1	77	
2	3	5	7	9	
2714	5	10
155	187
31
6	27	38	51	49	
2	4	5	6	8	
3151	7	14
131	78
32
83	15	53	1	95	
1	2	4	6	7	
3154	5	10
36	230
33
75	57	88	97	55	
2	3	5	7	9	
3246	8	16
54	205
34
2	78	85	1	90	
2	4	6	8	10	
3311	9	18
210	273
35
42	29	12	3	34	
1	3	5	7	9	
3446	10	20
219	289
36
17	90	43	84	62	
2	3	5	7	9	
3495	5	10
200	108
37
11	70	10	97	43	
1	2	4	5	7	
3652	7	14
76	174
38
88	15	34	35	88	
1	2	4	5	6	
3785	8	16
228	276
39
3	44	98	64	14	
2	3	5	6	7	
3988	7	14
2	57
262	265
280	80