40	5	4000	6
0
47	70	24	22	26	
2	4	6	7	8	
22	8	16
138	18
1
64	64	38	22	20	
2	4	6	7	9	
173	10	20
92	266
2
18	28	23	26	80	
2	3	5	7	9	
174	9	18
272	241
3
94	17	6	62	71	
1	3	4	6	8	
351	9	18
243	223
4
15	9	48	95	78	
2	4	5	7	9	
385	8	16
59	268
5
29	66	80	95	28	
2	3	5	6	8	
406	6	12
8	54
6
39	75	6	36	46	
2	4	6	7	9	
499	9	18
98	203
7
30	97	33	30	20	
2	4	5	6	7	
593	9	18
253	56
8
5	5	57	98	85	
1	2	4	6	8	
628	8	16
296	234
9
94	90	75	88	33	
1	3	5	7	8	
661	5	10
171	204
10
1	55	99	23	52	
2	4	6	8	10	
876	6	12
256	244
11
79	17	90	42	100	
1	2	4	6	7	
900	9	18
215	281
12
89	51	88	37	98	
2	3	5	7	8	
966	9	18
136	75
13
78	63	50	16	69	
1	2	4	6	7	
1027	8	16
185	140
14
20	89	2	27	14	
2	3	5	6	8	
1051	7	14
142	283
15
59	40	99	79	59	
1	3	5	6	8	
1097	8	16
239	168
16
59	15	38	78	62	
1	2	4	5	6	
1239	8	16
276	132
17
53	12	100	5	70	
1	3	5	7	9	
1294	10	20
240	297
18
73	10	56	43	5	
1	2	3	4	6	
1295	7	14
236	142
19
65	34	54	62	3	
2	4	5	7	9	
1379	6	12
293	156
20
68	39	48	85	25	
1	3	4	6	8	
1442	9	18
36	85
21
98	28	16	94	64	
1	3	4	6	7	
1681	10	20
17	113
22
86	63	84	23	24	
1	2	3	5	7	
1712	9	18
159	244
23
52	50	56	1	82	
2	4	6	8	10	
1930	8	16
229	191
24
46	31	35	53	23	
2	4	6	7	9	
2228	9	18
241	121
25
25	67	55	9	45	
2	3	4	5	7	
2304	10	20
158	9
26
79	58	89	23	23	
2	3	4	6	8	
2506	5	10
152	70
27
70	99	4	97	24	
2	4	5	6	8	
2638	5	10
233	98
28
51	30	9	36	21	
1	3	4	6	8	
2705	9	18
142	183
29
6	19	83	95	60	
1	3	4	5	7	
2768	5	10
8	76
30
29	58	7	10	91	
1	3	5	7	8	
2816	5	10
44	48
31
48	76	73	94	68	
2	3	5	6	7	
3064	9	18
271	199
32
57	65	12	1	49	
2	4	6	7	8	
3166	8	16
136	192
33
18	88	12	17	86	
1	3	5	7	9	
3415	8	16
174	40
34
91	44	5	87	60	
1	3	4	6	8	
3632	7	14
207	298
35
7	8	86	26	65	
2	3	4	6	7	
3638	10	20
109	21
36
93	32	57	92	10	
2	4	5	6	7	
3687	6	12
20	199
37
98	90	23	93	48	
1	3	4	6	7	
3816	7	14
202	68
38
61	88	21	89	9	
2	4	5	7	9	
3823	9	18
299	117
39
54	5	22	11	9	
2	3	4	6	8	
3955	7	14
286	250
9	249
125	283