40	5	4000	12
0
60	33	97	34	80	
2	3	4	5	6	
119	7	14
155	202
1
65	6	46	63	1	
1	3	4	6	7	
192	5	10
282	288
2
76	15	33	86	8	
2	4	6	8	10	
220	10	20
19	50
3
66	88	36	67	70	
2	3	5	7	9	
496	6	12
45	286
4
48	74	31	85	6	
2	3	4	6	7	
698	9	18
81	256
5
35	86	76	36	40	
2	3	4	6	8	
914	8	16
170	103
6
28	21	69	20	37	
2	3	5	6	7	
1000	10	20
277	297
7
20	95	82	31	3	
2	4	5	6	7	
1015	7	14
38	110
8
14	9	8	38	34	
1	3	5	7	9	
1028	9	18
40	174
9
19	96	33	58	8	
2	3	4	5	7	
1049	9	18
111	244
10
98	50	27	53	97	
2	4	5	6	8	
1093	7	14
241	146
11
44	84	47	27	82	
2	4	6	8	9	
1104	9	18
248	54
12
65	40	53	21	10	
1	3	4	6	8	
1161	8	16
191	93
13
91	96	25	69	19	
2	4	5	6	8	
1184	7	14
278	263
14
39	13	18	36	40	
1	3	5	7	9	
1268	8	16
161	272
15
53	38	34	23	60	
2	4	5	6	8	
1380	5	10
213	292
16
64	77	69	15	18	
1	3	5	6	7	
1464	6	12
178	199
17
99	66	34	32	64	
1	2	4	6	8	
1546	9	18
203	77
18
67	57	76	91	8	
1	3	5	7	9	
1568	10	20
201	243
19
56	65	88	53	64	
1	2	3	5	7	
1620	10	20
91	258
20
5	17	56	83	29	
2	4	6	8	9	
2084	5	10
142	197
21
78	9	30	12	92	
2	3	5	7	9	
2098	8	16
263	104
22
15	1	66	2	55	
1	2	3	4	6	
2303	5	10
5	188
23
87	48	96	26	73	
2	4	6	8	10	
2551	8	16
286	190
24
24	16	100	53	16	
2	4	5	7	8	
2570	9	18
151	82
25
21	34	85	22	87	
2	3	5	6	8	
2680	6	12
191	186
26
31	48	17	13	35	
1	3	4	5	6	
2694	5	10
108	258
27
20	76	56	74	67	
1	2	3	5	7	
2713	9	18
16	299
28
99	2	23	84	90	
1	3	5	7	8	
2724	8	16
117	216
29
67	9	71	53	56	
2	3	4	6	8	
2794	10	20
42	251
30
27	59	41	46	48	
1	3	4	6	7	
2960	7	14
93	228
31
49	75	32	34	50	
2	4	5	7	8	
3245	7	14
229	106
32
35	27	14	48	72	
1	3	5	6	7	
3422	9	18
142	141
33
83	29	5	99	18	
1	2	4	6	7	
3483	6	12
176	64
34
95	30	10	57	69	
2	3	5	7	8	
3485	9	18
167	200
35
78	70	66	99	37	
1	2	3	4	5	
3539	9	18
139	187
36
35	84	3	9	44	
1	2	4	5	7	
3678	6	12
106	109
37
78	12	9	24	49	
2	4	5	6	7	
3851	10	20
135	110
38
10	11	10	6	98	
1	2	4	6	7	
3893	5	10
11	212
39
29	61	61	56	44	
1	3	4	6	8	
3915	8	16
56	85
166	9
213	122