40	5	4000	2
0
49	79	49	45	59	
2	3	5	6	7	
41	8	16
149	203
1
97	54	46	41	92	
2	3	5	7	8	
66	9	18
193	251
2
59	22	30	25	88	
1	2	4	6	8	
89	8	16
8	207
3
53	63	89	49	16	
2	3	5	7	9	
151	8	16
228	23
4
44	24	3	59	51	
1	3	4	5	6	
294	7	14
63	237
5
1	58	90	37	58	
2	3	4	6	8	
298	5	10
278	117
6
34	74	66	93	69	
2	4	6	7	8	
448	7	14
3	29
7
53	51	49	29	62	
2	4	6	7	8	
599	10	20
173	260
8
8	83	12	26	23	
2	4	5	6	8	
628	9	18
198	96
9
14	61	64	62	70	
2	3	4	5	6	
684	7	14
157	169
10
24	77	99	28	43	
2	4	5	6	8	
770	8	16
250	114
11
4	44	57	31	52	
1	3	4	6	8	
821	6	12
136	247
12
45	96	90	66	37	
1	3	4	5	7	
840	7	14
212	64
13
38	90	94	90	8	
1	3	4	5	6	
1018	8	16
83	88
14
26	94	82	24	59	
2	3	4	5	7	
1149	8	16
211	153
15
54	53	90	45	72	
2	4	6	8	9	
1151	8	16
85	162
16
54	49	92	16	5	
2	4	5	6	7	
1769	6	12
282	270
17
76	60	27	22	60	
2	3	4	6	7	
1809	6	12
132	253
18
54	99	13	75	70	
1	2	4	6	7	
2006	8	16
226	27
19
3	49	49	67	68	
2	3	5	7	9	
2059	5	10
296	126
20
5	9	26	4	64	
2	3	4	6	8	
2065	6	12
271	26
21
43	13	19	76	59	
2	3	4	5	7	
2199	8	16
172	204
22
44	68	77	73	66	
1	2	4	6	7	
2212	8	16
83	203
23
3	5	67	6	14	
1	3	5	7	9	
2248	8	16
277	237
24
29	93	51	60	69	
1	3	5	7	8	
2337	5	10
208	21
25
14	1	22	56	71	
1	2	3	5	6	
2399	6	12
126	29
26
49	58	10	35	59	
2	4	5	7	8	
2402	10	20
12	290
27
11	39	17	61	51	
1	3	4	5	7	
2422	10	20
296	19
28
6	30	34	84	99	
1	3	4	5	7	
2553	6	12
178	203
29
48	61	73	67	95	
2	4	5	7	8	
2927	10	20
152	192
30
72	7	17	75	21	
2	3	4	5	6	
3103	6	12
125	100
31
91	36	11	62	29	
1	2	4	6	7	
3135	5	10
162	214
32
86	52	95	85	62	
2	3	4	6	7	
3346	9	18
266	268
33
97	10	63	70	36	
2	3	5	6	8	
3360	8	16
116	291
34
38	37	28	27	58	
2	4	6	8	9	
3376	5	10
278	23
35
45	61	21	77	15	
2	3	4	5	7	
3428	7	14
70	133
36
53	98	9	15	3	
1	2	4	6	8	
3433	8	16
299	227
37
5	17	9	48	28	
1	2	4	6	8	
3844	9	18
166	130
38
79	3	94	65	88	
2	3	5	7	9	
3927	5	10
137	229
39
84	90	73	12	39	
1	2	4	6	7	
3935	5	10
83	54
290	203
146	29