40	5	4000	9
0
72	49	1	97	77	
1	3	4	6	7	
154	10	20
91	184
1
38	89	44	29	24	
2	3	4	5	6	
345	10	20
215	145
2
59	24	25	71	7	
2	4	5	7	9	
453	8	16
167	46
3
89	19	53	5	38	
2	4	5	6	7	
467	9	18
255	172
4
24	43	84	7	54	
2	4	6	7	9	
632	9	18
47	151
5
98	16	98	90	61	
1	3	4	5	7	
778	5	10
20	142
6
84	17	91	8	5	
1	3	4	5	7	
870	9	18
221	35
7
25	91	18	96	37	
2	4	6	7	8	
1061	6	12
198	65
8
59	73	41	65	32	
1	3	5	7	9	
1108	9	18
140	158
9
24	94	94	98	81	
1	3	4	6	7	
1131	8	16
277	296
10
36	39	14	66	34	
1	3	5	7	9	
1346	8	16
149	186
11
25	31	19	35	46	
2	3	5	7	8	
1399	6	12
18	155
12
21	66	100	50	100	
1	2	4	5	7	
1419	5	10
11	257
13
93	3	22	65	40	
1	3	5	7	8	
1510	10	20
220	170
14
64	76	99	45	96	
2	3	5	6	8	
1554	8	16
48	104
15
64	82	28	53	80	
1	2	3	5	7	
1591	8	16
136	211
16
24	79	55	11	26	
1	2	3	4	5	
1768	6	12
136	179
17
77	96	48	42	80	
2	4	5	6	8	
1788	10	20
162	226
18
21	20	76	74	82	
2	3	5	6	7	
1867	7	14
270	146
19
75	43	16	61	7	
2	3	5	7	9	
1920	7	14
260	76
20
79	54	75	71	66	
2	3	4	5	6	
2099	9	18
297	211
21
72	82	73	75	31	
2	4	5	6	7	
2353	10	20
83	174
22
23	38	90	46	46	
2	3	5	7	8	
2519	5	10
185	23
23
31	64	53	13	50	
2	4	5	7	8	
2685	9	18
252	220
24
85	21	95	98	38	
1	3	5	7	9	
2706	7	14
125	69
25
63	82	78	6	36	
1	2	3	5	7	
2794	7	14
177	222
26
69	72	40	22	35	
2	4	5	6	7	
2826	7	14
179	242
27
61	31	11	72	76	
2	3	4	6	8	
2909	9	18
277	240
28
12	94	19	55	54	
2	4	5	7	8	
2959	5	10
145	121
29
73	69	40	76	46	
2	4	5	6	7	
2976	5	10
154	50
30
80	49	23	56	48	
1	3	5	7	9	
3099	5	10
83	36
31
9	71	66	93	74	
2	4	5	7	9	
3104	10	20
12	131
32
94	11	31	10	89	
1	2	3	4	6	
3151	10	20
59	41
33
6	75	88	34	5	
2	4	5	7	9	
3363	7	14
181	213
34
67	1	1	18	43	
1	3	5	6	7	
3370	8	16
241	205
35
86	88	23	93	6	
2	3	5	7	9	
3373	5	10
143	20
36
90	87	89	4	38	
2	3	5	7	8	
3639	7	14
38	114
37
64	8	85	57	61	
2	4	6	8	10	
3746	6	12
79	227
38
92	64	75	78	60	
1	2	3	4	5	
3762	10	20
275	291
39
94	15	35	43	75	
1	3	4	6	8	
3852	9	18
133	189
225	39
250	251