50	5	4000	4
0
3	33	17	85	92	
1	2	4	5	7	
3	10	20
152	44
1
71	26	9	13	1	
1	3	4	5	7	
209	6	12
104	188
2
49	55	16	4	99	
2	4	6	7	8	
273	7	14
215	152
3
49	5	56	11	82	
1	2	4	6	8	
273	5	10
294	217
4
12	31	43	63	60	
1	3	4	5	7	
329	6	12
181	236
5
63	49	51	90	33	
1	3	5	6	8	
351	6	12
120	115
6
50	43	19	6	35	
1	3	5	6	7	
506	9	18
221	214
7
16	28	56	53	76	
1	3	5	7	8	
703	9	18
163	136
8
40	87	95	43	58	
1	2	3	4	6	
765	5	10
103	210
9
35	57	98	50	34	
1	2	4	5	7	
1211	10	20
125	127
10
76	14	13	84	94	
2	3	4	6	8	
1236	9	18
129	66
11
56	7	31	1	81	
1	3	4	5	7	
1502	9	18
109	73
12
23	56	60	8	11	
1	2	4	5	6	
1533	7	14
228	56
13
77	74	73	72	89	
1	2	3	4	5	
2063	5	10
245	165
14
1	34	97	43	95	
2	3	5	6	7	
2070	7	14
197	39
15
24	90	96	95	38	
1	2	3	4	6	
2105	10	20
151	211
16
8	93	79	93	57	
1	3	5	7	9	
2259	5	10
91	39
17
87	34	44	35	99	
2	4	6	7	9	
2403	6	12
175	136
18
37	90	9	15	62	
1	2	4	5	7	
2432	6	12
199	273
19
18	60	91	84	25	
1	2	3	4	5	
2440	10	20
289	32
20
16	36	82	7	54	
1	3	5	6	7	
2494	10	20
296	208
21
34	10	12	77	9	
1	3	5	7	9	
2562	10	20
208	24
22
68	20	37	98	15	
1	2	3	5	7	
2714	9	18
274	237
23
84	92	30	89	95	
2	4	6	7	8	
2777	9	18
203	250
24
26	17	78	7	96	
1	3	5	6	8	
2857	8	16
273	181
25
60	80	73	74	33	
1	2	4	5	7	
2895	5	10
165	194
26
36	7	71	79	69	
1	2	4	5	7	
2920	7	14
197	248
27
32	45	17	23	4	
2	3	4	5	6	
3237	5	10
5	125
28
9	45	56	75	37	
2	3	4	5	7	
3302	6	12
296	225
29
41	39	24	45	64	
2	3	4	6	8	
3352	5	10
39	195
30
26	54	16	37	15	
1	3	5	6	8	
3486	9	18
29	293
31
25	5	29	84	26	
2	4	6	8	9	
3567	9	18
56	104
32
41	52	48	19	96	
2	3	4	5	6	
3647	7	14
141	209
33
99	80	1	27	7	
1	3	4	6	7	
3820	9	18
112	78
34
82	44	48	2	33	
1	3	5	7	8	
3877	5	10
294	218
35
82	43	66	87	3	
1	3	4	6	7	
3899	10	20
82	186
36
84	3	31	77	42	
1	3	5	7	9	
4001	7	14
61	41
37
95	12	21	70	49	
2	4	6	8	10	
4012	10	20
67	29
38
1	19	19	75	59	
1	2	3	5	6	
4056	7	14
24	277
39
13	44	62	94	5	
2	3	4	6	8	
4070	7	14
6	230
40
24	1	9	33	53	
2	3	5	7	8	
4092	6	12
106	257
41
87	50	38	5	78	
2	3	4	6	7	
4120	6	12
288	234
42
49	42	1	2	37	
1	2	3	5	6	
4351	8	16
251	195
43
82	62	56	37	23	
1	3	5	6	7	
4387	10	20
206	118
44
49	79	9	21	92	
2	3	5	7	8	
4484	9	18
275	210
45
68	86	35	78	61	
1	3	5	6	8	
4530	10	20
29	114
46
95	47	3	16	72	
2	4	5	7	8	
4674	6	12
29	187
47
95	44	100	66	74	
1	2	3	5	6	
4725	5	10
228	117
48
28	91	29	43	85	
2	4	6	8	10	
4759	9	18
114	280
49
18	97	32	28	46	
1	2	3	4	6	
4910	7	14
92	290
272	184
84	0