50	5	4000	6
0
33	56	65	57	13	
2	3	4	5	7	
46	10	20
184	270
1
92	77	93	36	48	
2	4	5	6	7	
119	5	10
143	193
2
77	51	16	31	91	
2	4	5	6	7	
172	5	10
46	187
3
12	90	28	100	50	
2	4	5	6	7	
266	7	14
71	1
4
76	99	71	3	4	
1	2	3	4	5	
428	9	18
122	65
5
78	57	32	87	36	
2	4	6	7	9	
488	8	16
192	9
6
28	99	45	91	82	
1	2	4	6	7	
601	9	18
81	143
7
39	87	52	71	60	
2	3	4	6	8	
717	10	20
125	203
8
51	83	30	72	24	
2	4	6	7	9	
727	10	20
37	285
9
55	96	62	57	79	
1	2	3	5	6	
820	6	12
132	12
10
69	98	5	35	98	
2	3	5	7	9	
917	9	18
13	259
11
86	3	91	88	35	
2	4	6	8	9	
923	7	14
192	23
12
85	44	75	81	99	
1	2	3	5	6	
1110	8	16
296	206
13
2	96	47	94	93	
2	3	5	6	7	
1158	10	20
71	269
14
6	91	32	34	27	
1	2	3	5	7	
1325	10	20
59	167
15
58	41	22	11	4	
1	2	3	5	7	
1348	5	10
53	2
16
75	16	56	86	43	
1	3	4	6	7	
1558	8	16
72	41
17
54	74	30	3	32	
1	3	5	7	9	
1753	7	14
298	174
18
14	25	29	39	13	
2	4	5	6	8	
1791	6	12
145	128
19
86	100	28	82	80	
1	3	5	6	7	
2086	6	12
219	91
20
65	83	82	56	88	
1	3	4	5	7	
2100	10	20
226	55
21
88	22	60	9	39	
1	3	4	6	8	
2144	8	16
24	112
22
55	74	79	74	44	
1	3	4	6	7	
2206	5	10
16	74
23
72	96	90	22	45	
1	2	3	4	5	
2482	5	10
239	240
24
54	27	93	18	71	
1	2	4	6	8	
2666	7	14
67	207
25
69	52	17	7	14	
2	4	6	8	10	
2696	8	16
33	121
26
50	87	76	4	46	
2	3	4	5	6	
2917	8	16
167	53
27
85	8	87	37	24	
2	3	4	6	7	
2981	6	12
82	178
28
63	24	68	46	45	
2	4	5	7	8	
3288	7	14
108	28
29
20	17	90	34	76	
1	2	3	5	6	
3332	10	20
67	217
30
31	68	15	1	11	
2	3	4	6	7	
3408	5	10
30	81
31
61	9	75	25	15	
2	3	5	6	8	
3443	7	14
247	148
32
71	83	4	4	21	
2	4	6	7	8	
3471	10	20
273	300
33
60	57	53	41	74	
2	4	6	7	8	
3498	10	20
98	88
34
83	16	56	47	35	
1	3	5	6	7	
3506	9	18
174	235
35
69	22	32	37	21	
1	3	5	7	8	
3564	10	20
257	47
36
77	89	3	63	55	
2	4	6	7	9	
3589	6	12
140	143
37
78	6	67	96	20	
2	3	5	7	9	
3731	5	10
215	295
38
10	44	2	42	27	
1	2	4	6	8	
3813	5	10
165	120
39
93	38	16	61	72	
2	4	6	7	9	
3842	9	18
202	211
40
36	26	3	77	89	
2	4	5	6	7	
3988	7	14
66	209
41
6	14	50	10	70	
1	3	5	7	8	
4048	5	10
102	280
42
47	83	69	39	99	
2	4	5	7	8	
4068	7	14
147	1
43
91	64	65	78	28	
1	3	5	7	9	
4230	8	16
45	251
44
79	28	60	45	56	
1	2	3	4	5	
4259	9	18
2	25
45
17	5	71	38	12	
1	2	3	5	6	
4259	8	16
226	173
46
94	67	50	79	94	
1	3	5	6	8	
4666	10	20
26	262
47
50	49	84	41	41	
2	4	5	6	8	
4736	10	20
48	262
48
37	43	4	20	69	
1	2	3	5	6	
4798	10	20
14	186
49
36	97	34	89	33	
1	2	3	5	7	
4850	7	14
118	38
210	286
131	24