50	5	4000	13
0
16	41	78	91	34	
1	3	5	6	8	
105	6	12
180	122
1
27	42	83	84	46	
1	3	5	7	9	
133	5	10
146	293
2
86	51	39	47	5	
2	4	5	7	9	
184	10	20
232	224
3
94	37	80	78	67	
2	4	6	8	10	
388	9	18
24	167
4
73	94	60	71	18	
1	3	5	6	8	
544	5	10
246	165
5
35	67	89	73	50	
1	2	4	5	6	
566	9	18
101	107
6
58	16	36	64	48	
2	4	5	7	8	
570	9	18
88	116
7
20	70	73	5	89	
1	2	3	5	7	
587	5	10
107	172
8
85	25	34	33	56	
1	3	4	6	7	
627	5	10
88	240
9
12	52	50	95	89	
1	2	4	5	6	
805	7	14
276	253
10
19	76	9	27	88	
1	2	3	5	7	
841	9	18
147	186
11
67	56	56	67	72	
1	2	4	6	8	
895	10	20
174	276
12
17	12	50	22	55	
1	3	5	7	9	
1340	10	20
190	84
13
51	32	26	3	23	
2	4	5	7	8	
1485	6	12
31	89
14
26	58	40	18	40	
2	3	4	6	8	
1523	10	20
176	147
15
32	66	58	1	89	
2	3	4	5	7	
1560	6	12
39	90
16
36	38	93	95	73	
1	2	4	5	7	
1582	7	14
192	72
17
100	55	74	89	62	
1	3	4	5	6	
1755	10	20
42	127
18
21	73	88	10	52	
2	4	5	6	7	
1755	7	14
107	213
19
85	48	44	85	92	
2	4	6	8	9	
1760	6	12
130	190
20
17	85	4	51	12	
2	3	5	7	8	
1950	6	12
63	104
21
30	47	81	64	66	
2	3	4	5	7	
2012	10	20
213	196
22
7	82	44	74	35	
2	3	5	7	8	
2089	5	10
96	248
23
11	4	69	4	22	
1	2	3	4	6	
2159	10	20
222	298
24
40	49	73	99	86	
2	3	5	6	7	
2161	9	18
21	230
25
66	48	28	53	78	
1	3	4	6	8	
2257	6	12
181	279
26
62	77	2	89	18	
2	4	6	8	9	
2296	5	10
44	288
27
64	79	41	9	13	
2	4	5	6	8	
2374	9	18
81	3
28
69	25	63	36	3	
1	3	4	6	7	
2504	8	16
133	0
29
47	55	53	28	3	
2	4	5	7	9	
2652	5	10
180	40
30
23	50	38	28	13	
1	2	3	5	6	
2676	10	20
45	48
31
33	31	31	89	40	
1	3	5	6	8	
2691	8	16
12	202
32
9	77	98	89	12	
1	3	4	6	8	
2846	5	10
111	30
33
65	75	79	49	61	
1	2	4	5	7	
2938	6	12
1	82
34
69	47	27	97	14	
1	3	5	6	7	
2957	9	18
200	1
35
70	30	73	72	10	
1	2	4	6	8	
3079	5	10
171	294
36
45	14	77	25	11	
1	3	5	6	7	
3126	6	12
121	16
37
95	94	44	81	93	
1	2	3	4	6	
3158	9	18
151	276
38
10	84	33	96	3	
1	3	5	7	9	
3212	7	14
233	158
39
79	60	34	31	45	
1	2	3	4	6	
3382	8	16
192	172
40
53	12	55	81	66	
1	3	4	5	6	
3420	8	16
139	68
41
34	90	8	51	6	
1	3	5	7	8	
3742	10	20
255	137
42
89	31	51	3	73	
1	3	5	7	8	
4178	7	14
62	24
43
22	70	55	27	4	
2	4	5	7	8	
4211	8	16
175	57
44
72	12	15	98	85	
2	3	4	5	7	
4301	6	12
137	226
45
60	52	59	60	40	
2	4	6	7	9	
4480	10	20
171	179
46
35	74	65	56	63	
2	3	5	7	8	
4609	8	16
212	270
47
95	76	19	72	37	
2	3	4	6	8	
4718	10	20
239	14
48
79	6	5	14	3	
2	4	5	6	7	
4786	8	16
170	295
49
2	63	15	7	56	
2	3	5	6	8	
4971	7	14
168	215
275	137
85	23