50	5	4000	14
0
87	80	74	5	10	
1	2	3	5	6	
67	8	16
259	1
1
75	14	49	18	20	
1	2	3	5	7	
112	7	14
114	138
2
84	71	24	54	72	
2	3	5	7	9	
211	10	20
187	127
3
58	5	85	89	11	
2	3	5	6	8	
376	8	16
175	64
4
61	26	47	97	53	
1	3	5	6	8	
411	5	10
223	174
5
99	40	40	49	12	
1	3	4	5	6	
487	10	20
219	148
6
6	76	44	22	2	
2	3	4	5	7	
494	7	14
86	160
7
64	84	91	90	85	
1	3	4	6	8	
587	5	10
237	218
8
89	98	91	46	88	
2	3	4	6	7	
597	5	10
86	227
9
71	3	54	92	41	
1	3	4	5	7	
788	10	20
7	98
10
68	62	23	44	76	
1	2	3	4	5	
801	5	10
45	233
11
13	94	32	56	31	
2	4	5	7	9	
857	10	20
198	223
12
51	86	37	54	50	
2	3	5	7	8	
895	5	10
152	76
13
56	99	31	62	51	
1	2	4	6	8	
1367	6	12
155	236
14
18	45	34	78	58	
2	4	5	6	8	
1408	8	16
93	186
15
17	61	47	95	59	
2	3	4	6	8	
1536	10	20
224	180
16
19	76	38	51	98	
1	3	5	7	8	
1542	10	20
0	82
17
57	53	3	98	48	
1	3	5	6	8	
1554	10	20
66	215
18
73	43	53	31	19	
2	3	4	6	8	
1799	8	16
101	81
19
86	27	8	27	79	
1	2	3	5	6	
2029	5	10
158	181
20
13	37	27	49	89	
1	2	4	6	8	
2065	5	10
239	38
21
91	42	80	26	78	
1	3	5	6	8	
2090	9	18
58	53
22
62	54	88	26	68	
1	3	4	6	7	
2194	5	10
267	138
23
17	91	3	76	4	
1	2	3	5	6	
2247	9	18
126	208
24
50	93	35	100	11	
2	3	4	6	8	
2266	6	12
160	19
25
17	26	86	30	90	
2	3	4	6	8	
2351	6	12
256	49
26
64	61	26	2	71	
2	3	4	6	7	
2386	6	12
277	180
27
68	62	56	64	48	
1	3	5	6	8	
2514	6	12
0	243
28
47	4	45	94	93	
1	3	4	5	7	
2535	10	20
197	22
29
68	37	13	95	37	
2	3	5	7	8	
2681	5	10
263	284
30
75	85	79	18	60	
1	3	4	6	7	
2983	10	20
168	68
31
58	85	26	81	29	
2	3	4	6	8	
3175	5	10
52	167
32
14	58	93	80	35	
2	3	5	6	7	
3192	8	16
107	20
33
44	51	23	58	46	
2	4	5	7	8	
3336	6	12
232	0
34
60	13	9	73	10	
2	3	5	6	8	
3338	8	16
273	292
35
79	87	59	49	23	
1	2	3	5	6	
3382	8	16
121	52
36
64	30	96	31	82	
2	3	4	6	7	
3436	8	16
47	204
37
70	40	15	9	81	
2	3	4	5	6	
3704	5	10
168	125
38
57	33	3	90	28	
2	4	5	7	9	
3812	10	20
193	201
39
24	51	28	63	34	
1	2	4	6	7	
3930	5	10
203	116
40
65	35	99	89	92	
1	3	4	6	7	
3968	5	10
220	248
41
68	1	40	65	57	
1	3	5	7	9	
4112	9	18
299	99
42
31	71	59	60	4	
1	2	3	4	6	
4242	6	12
143	22
43
34	39	76	100	71	
2	3	4	6	7	
4495	5	10
247	145
44
70	30	51	49	64	
2	4	6	8	9	
4564	8	16
296	135
45
62	37	21	41	80	
1	2	3	5	7	
4803	8	16
20	106
46
21	73	48	68	91	
2	3	5	6	8	
4888	7	14
265	80
47
54	81	43	14	1	
2	4	5	7	9	
4894	8	16
4	260
48
67	3	2	23	97	
2	4	5	6	7	
4941	9	18
195	9
49
55	37	87	45	99	
2	4	6	8	9	
4982	10	20
41	154
297	287
49	101