50	5	4000	7
0
76	64	65	3	76	
2	3	4	6	7	
121	5	10
21	106
1
43	41	27	99	17	
1	2	4	6	8	
165	7	14
178	206
2
57	89	80	9	91	
1	2	4	6	7	
330	5	10
269	139
3
43	71	20	47	69	
1	3	4	5	7	
497	5	10
135	92
4
56	24	29	94	37	
1	2	4	5	6	
700	10	20
50	156
5
65	62	50	62	65	
1	2	4	5	7	
793	7	14
270	169
6
95	87	99	35	73	
1	3	5	6	8	
864	10	20
41	61
7
32	51	63	30	89	
2	3	4	5	6	
955	8	16
156	220
8
64	48	87	68	48	
2	4	6	8	10	
995	10	20
281	189
9
73	8	87	36	32	
1	3	5	6	8	
1019	8	16
128	271
10
96	40	78	27	81	
2	4	5	6	7	
1104	8	16
98	176
11
82	56	91	12	26	
2	3	4	6	8	
1136	10	20
160	72
12
53	89	36	8	13	
1	2	3	5	7	
1487	9	18
68	51
13
80	48	84	22	2	
1	3	5	7	8	
1516	6	12
271	168
14
46	56	35	63	9	
1	3	4	5	6	
1588	5	10
20	259
15
99	83	9	89	42	
2	4	6	8	9	
1636	6	12
276	76
16
83	75	64	12	90	
1	2	3	5	7	
1690	8	16
201	146
17
93	47	33	73	63	
2	4	5	7	9	
1906	7	14
70	211
18
9	74	56	17	40	
1	2	3	4	5	
1909	9	18
96	241
19
46	68	64	36	77	
1	2	3	5	7	
2035	5	10
39	203
20
52	24	38	99	61	
2	3	4	6	8	
2194	6	12
214	127
21
21	64	59	100	71	
2	3	4	6	8	
2213	9	18
194	218
22
61	86	68	21	66	
1	3	5	7	9	
2247	10	20
82	241
23
40	30	75	6	10	
2	4	6	7	9	
2335	7	14
111	295
24
40	82	65	54	87	
2	4	6	7	8	
2737	9	18
189	102
25
79	26	55	99	70	
1	2	3	5	7	
2787	9	18
288	111
26
83	51	6	3	38	
2	3	5	7	9	
2810	9	18
203	181
27
41	62	19	57	8	
1	2	3	5	7	
2827	9	18
66	267
28
90	29	16	99	32	
1	3	4	6	8	
2846	6	12
38	97
29
50	23	40	98	11	
1	2	3	5	7	
2887	7	14
282	254
30
1	17	98	70	57	
1	3	4	6	7	
2929	6	12
164	131
31
29	66	4	74	68	
1	2	4	5	6	
3056	10	20
162	277
32
28	24	81	4	1	
1	3	4	6	8	
3294	7	14
88	206
33
23	9	19	28	98	
1	2	3	4	5	
3440	10	20
32	87
34
92	54	96	65	85	
1	2	4	6	7	
3488	5	10
233	137
35
11	11	30	54	23	
2	4	6	8	10	
3519	10	20
0	239
36
84	13	59	16	58	
1	2	4	6	7	
3530	6	12
93	277
37
72	51	64	17	22	
2	4	6	8	9	
3752	10	20
104	39
38
16	95	89	2	52	
2	3	5	6	7	
3928	7	14
267	116
39
77	4	87	20	53	
2	4	6	7	9	
3961	8	16
286	247
40
43	2	86	100	27	
1	2	4	5	7	
3992	5	10
201	114
41
65	31	98	43	77	
1	3	5	6	8	
4189	7	14
46	25
42
33	96	71	78	75	
2	3	4	5	7	
4192	8	16
110	142
43
72	33	85	100	11	
2	3	5	6	7	
4423	9	18
152	155
44
5	23	68	63	25	
1	3	5	7	8	
4466	5	10
38	42
45
49	38	60	72	50	
2	4	5	7	9	
4470	5	10
112	210
46
12	3	72	88	98	
1	2	3	4	5	
4726	5	10
12	21
47
26	82	1	76	39	
2	4	6	7	9	
4808	7	14
244	228
48
4	49	98	53	31	
1	2	3	5	7	
4823	8	16
30	296
49
36	18	60	54	82	
2	4	5	6	8	
4965	6	12
246	154
88	100
122	259