50	5	4000	16
0
51	1	13	56	29	
1	2	4	5	6	
63	5	10
273	190
1
34	62	68	56	38	
2	4	6	7	8	
318	6	12
118	55
2
5	11	43	47	27	
2	4	6	7	9	
349	8	16
170	167
3
34	57	46	42	46	
2	4	6	7	9	
413	8	16
218	38
4
12	77	29	94	96	
1	2	4	6	7	
445	5	10
52	62
5
58	20	41	61	86	
1	2	4	6	7	
556	6	12
8	83
6
62	7	10	20	59	
1	3	4	6	7	
573	6	12
142	185
7
95	38	54	73	75	
2	3	5	6	7	
665	10	20
246	203
8
10	31	71	88	70	
2	3	4	5	7	
693	9	18
168	30
9
58	91	22	2	37	
1	2	4	5	6	
765	6	12
287	170
10
99	24	26	79	33	
2	3	4	5	7	
775	7	14
206	289
11
21	15	45	15	73	
2	4	5	6	7	
805	6	12
75	90
12
67	15	84	28	96	
2	4	5	6	8	
1003	7	14
181	193
13
11	17	68	81	64	
1	3	5	7	9	
1179	9	18
196	238
14
90	22	85	67	54	
1	2	4	6	7	
1472	9	18
250	64
15
4	23	33	25	59	
2	3	4	5	7	
1603	10	20
19	141
16
38	52	27	1	71	
2	4	5	7	8	
2079	10	20
8	194
17
38	47	100	31	15	
2	4	6	8	9	
2313	10	20
270	292
18
49	76	25	85	65	
2	3	5	7	9	
2463	8	16
248	222
19
71	67	2	64	60	
1	3	4	6	7	
2484	7	14
299	26
20
74	77	20	80	27	
1	2	3	4	5	
2613	9	18
281	241
21
56	59	90	32	98	
2	3	5	7	8	
2641	5	10
36	48
22
1	3	67	18	11	
2	4	5	6	8	
2799	8	16
225	228
23
5	46	69	66	38	
2	4	6	7	8	
2820	5	10
231	266
24
86	26	67	64	82	
2	4	6	8	10	
3085	6	12
154	180
25
71	87	95	31	34	
1	3	5	7	9	
3185	6	12
214	66
26
80	13	70	27	17	
2	3	4	6	8	
3251	6	12
191	127
27
4	52	34	52	61	
1	3	4	5	6	
3307	8	16
18	61
28
4	98	59	55	88	
1	2	4	5	7	
3392	8	16
2	292
29
86	30	64	79	31	
2	3	5	7	9	
3398	7	14
85	70
30
65	86	78	26	1	
1	3	4	6	8	
3418	9	18
180	216
31
58	46	39	29	78	
2	4	5	6	8	
3564	10	20
237	117
32
87	40	49	57	33	
1	2	3	5	7	
3596	10	20
52	17
33
99	99	22	71	58	
1	3	4	6	7	
3614	9	18
291	93
34
45	35	64	55	76	
2	3	5	7	8	
3706	6	12
20	179
35
15	21	4	49	56	
2	4	6	7	8	
3776	5	10
128	125
36
91	17	24	95	40	
2	4	6	7	9	
4023	9	18
273	61
37
41	58	71	7	46	
1	3	4	5	7	
4029	8	16
6	59
38
82	69	58	53	75	
1	3	5	7	9	
4164	10	20
176	201
39
28	52	42	81	94	
1	2	3	4	5	
4223	9	18
25	278
40
97	92	64	14	98	
2	3	4	6	8	
4359	8	16
55	53
41
6	30	55	73	88	
2	3	4	6	7	
4396	5	10
248	143
42
4	81	5	94	26	
2	3	4	6	7	
4483	7	14
56	258
43
52	38	14	92	15	
1	3	5	6	8	
4735	7	14
161	84
44
75	1	44	29	70	
2	4	5	7	9	
4759	6	12
267	130
45
48	54	35	44	67	
2	3	5	7	8	
4787	8	16
247	263
46
68	54	30	91	44	
2	3	5	6	7	
4792	6	12
67	99
47
2	86	51	97	29	
2	4	5	6	8	
4830	10	20
81	90
48
80	43	57	1	28	
1	2	3	4	6	
4891	5	10
217	280
49
68	100	90	27	21	
1	2	4	5	7	
4948	6	12
183	226
55	8
144	167