50	5	4000	3
0
28	70	68	9	49	
2	4	6	8	9	
96	6	12
165	65
1
74	52	33	14	73	
1	2	3	4	5	
144	5	10
51	198
2
9	83	60	25	18	
2	3	5	7	9	
192	6	12
104	64
3
11	2	63	92	30	
2	4	5	6	8	
217	10	20
212	161
4
80	68	58	80	59	
2	3	5	7	8	
253	8	16
28	279
5
2	86	8	7	27	
1	3	4	6	7	
288	6	12
34	99
6
36	70	27	4	13	
1	3	4	5	7	
342	9	18
124	130
7
67	75	98	88	28	
1	3	5	7	8	
360	5	10
231	206
8
54	43	48	4	24	
1	2	4	6	8	
435	8	16
62	227
9
41	27	63	59	52	
1	3	4	5	7	
551	6	12
207	147
10
1	77	81	61	17	
1	2	3	4	5	
657	7	14
233	67
11
61	74	98	18	16	
2	3	4	5	6	
776	9	18
149	231
12
94	17	100	79	15	
2	4	6	7	8	
1069	9	18
228	268
13
14	27	62	92	81	
1	2	3	4	5	
1191	9	18
93	234
14
4	1	24	85	81	
2	3	5	7	9	
1465	10	20
114	186
15
74	12	70	29	5	
2	3	4	5	7	
1711	8	16
8	181
16
81	62	4	15	58	
1	3	5	7	9	
1776	7	14
53	288
17
54	21	79	71	42	
2	3	5	6	7	
1786	10	20
171	257
18
45	17	92	4	100	
2	4	5	6	8	
1857	9	18
245	150
19
64	56	90	34	15	
2	4	6	7	8	
1987	5	10
279	296
20
74	18	72	47	5	
2	4	5	6	7	
2024	9	18
204	79
21
95	62	66	11	1	
1	2	3	4	6	
2061	6	12
152	232
22
90	41	30	3	5	
2	3	4	6	8	
2174	9	18
140	265
23
32	21	69	17	13	
1	2	4	5	7	
2358	6	12
192	243
24
11	92	17	59	16	
1	3	4	5	7	
2495	6	12
255	252
25
56	40	33	29	43	
1	2	3	5	6	
2618	9	18
28	35
26
61	31	30	35	6	
2	4	5	7	8	
2710	9	18
168	33
27
54	8	3	12	28	
1	3	5	6	8	
2910	10	20
42	66
28
51	2	74	24	25	
1	2	4	6	8	
2965	5	10
149	211
29
48	100	48	9	69	
1	2	3	5	6	
3019	5	10
215	227
30
96	74	4	28	62	
1	3	5	7	8	
3067	5	10
103	100
31
72	5	78	96	41	
1	2	3	4	5	
3157	5	10
194	69
32
44	17	2	12	49	
1	2	4	5	7	
3296	9	18
185	93
33
90	49	9	13	42	
2	3	5	6	7	
3327	6	12
192	286
34
46	55	45	21	67	
1	2	4	5	7	
3406	5	10
59	241
35
70	5	22	97	62	
1	3	4	6	7	
3491	5	10
19	187
36
21	62	23	86	53	
2	4	5	7	8	
3615	7	14
50	199
37
16	85	63	71	81	
2	3	5	7	9	
3734	5	10
18	93
38
23	84	74	36	73	
1	2	3	4	5	
3831	5	10
111	198
39
18	40	23	91	64	
2	4	5	7	9	
3960	8	16
150	24
40
97	22	77	96	22	
2	3	4	5	7	
4034	10	20
102	128
41
32	51	69	89	87	
2	3	4	5	6	
4035	5	10
183	196
42
6	31	69	72	74	
2	4	6	7	8	
4174	8	16
98	258
43
9	58	78	4	41	
2	3	4	6	8	
4235	8	16
31	168
44
28	63	37	64	75	
2	4	5	6	8	
4247	8	16
176	184
45
6	15	24	59	15	
2	4	5	7	9	
4352	5	10
279	229
46
19	32	76	78	84	
1	2	3	4	5	
4393	8	16
40	202
47
12	88	81	35	90	
2	3	5	7	8	
4694	7	14
191	104
48
80	19	11	1	55	
1	2	3	4	6	
4928	9	18
230	37
49
68	78	31	86	30	
1	2	3	4	5	
4948	8	16
145	65
119	225
279	35