50	5	4000	0
0
84	77	20	50	10	
1	3	5	6	8	
432	9	18
142	75
1
2	94	96	100	18	
1	3	5	6	7	
535	10	20
28	110
2
65	88	67	3	19	
2	4	5	6	7	
612	5	10
244	232
3
89	91	100	87	16	
2	4	6	8	10	
784	7	14
210	300
4
57	27	21	66	10	
2	4	5	7	8	
792	7	14
203	154
5
43	63	23	11	77	
2	4	6	8	10	
885	8	16
287	203
6
64	28	9	90	12	
1	3	5	7	8	
1083	5	10
50	296
7
55	84	87	46	96	
1	2	3	4	5	
1086	8	16
134	98
8
12	17	26	92	71	
2	4	5	7	9	
1170	5	10
294	288
9
5	24	5	74	40	
1	3	4	5	6	
1449	10	20
150	199
10
27	58	25	20	33	
1	2	3	4	6	
1622	9	18
156	9
11
12	91	69	71	93	
2	4	5	6	8	
1688	6	12
44	158
12
68	91	7	45	50	
2	3	5	7	8	
1705	6	12
67	218
13
23	52	65	11	31	
1	3	4	5	6	
1784	5	10
237	291
14
6	8	11	75	73	
2	3	4	5	7	
1786	7	14
12	73
15
42	25	26	66	23	
2	4	6	8	10	
1845	6	12
172	123
16
17	70	68	78	47	
1	3	4	6	8	
2061	5	10
241	235
17
96	38	91	93	50	
2	4	5	6	7	
2090	10	20
128	40
18
8	12	96	51	52	
1	3	5	7	9	
2091	6	12
296	188
19
63	50	16	9	87	
1	3	5	6	7	
2098	6	12
99	167
20
89	1	58	22	94	
2	4	5	6	8	
2121	5	10
13	52
21
4	42	92	36	16	
2	3	5	6	8	
2153	5	10
6	235
22
37	41	38	20	97	
1	3	4	5	7	
2326	6	12
259	114
23
54	56	86	65	57	
1	2	4	5	6	
2482	7	14
60	169
24
9	97	9	48	1	
1	2	3	4	6	
2988	10	20
76	164
25
16	28	78	73	60	
2	3	5	6	8	
3336	10	20
103	114
26
94	59	92	80	55	
1	2	4	6	8	
3360	6	12
177	70
27
100	33	89	74	36	
1	3	5	6	8	
3392	9	18
170	156
28
55	57	76	34	90	
2	4	6	7	9	
3667	9	18
44	285
29
56	100	11	54	74	
2	4	5	6	8	
3788	10	20
86	42
30
55	40	84	52	12	
1	3	5	6	7	
3804	10	20
191	172
31
30	99	92	62	71	
1	2	4	5	7	
3863	5	10
221	266
32
83	66	22	34	37	
1	3	4	5	7	
3891	9	18
144	283
33
37	6	21	41	26	
2	3	5	6	8	
4010	5	10
273	126
34
62	56	7	34	93	
2	3	5	6	8	
4094	10	20
176	101
35
91	24	31	7	20	
2	4	5	7	8	
4238	8	16
236	159
36
49	92	24	51	60	
2	3	4	5	7	
4285	6	12
49	14
37
4	40	49	31	78	
2	3	5	7	8	
4289	10	20
45	190
38
89	58	98	91	28	
1	2	3	4	5	
4426	10	20
46	164
39
81	28	56	98	33	
2	3	5	6	7	
4444	9	18
81	228
40
5	25	95	27	76	
2	4	6	7	8	
4592	9	18
146	51
41
63	5	3	29	16	
2	3	4	5	7	
4592	9	18
125	263
42
26	66	91	45	75	
2	4	5	7	8	
4661	6	12
237	102
43
32	67	30	68	34	
1	2	3	4	5	
4674	6	12
62	268
44
93	87	2	12	81	
1	2	3	4	5	
4734	7	14
99	229
45
46	7	10	89	34	
2	4	5	7	8	
4741	9	18
39	29
46
31	56	8	4	36	
2	3	5	7	9	
4764	9	18
47	196
47
29	65	10	53	55	
2	4	5	7	9	
4904	9	18
96	8
48
18	93	40	77	71	
2	3	5	7	9	
4934	6	12
218	208
49
50	64	18	10	19	
2	3	5	7	9	
4991	9	18
119	210
8	147
121	169