50	5	4000	8
0
74	40	1	40	13	
1	3	5	6	8	
119	6	12
166	80
1
79	45	47	31	57	
1	3	4	5	6	
219	8	16
102	166
2
45	3	89	32	62	
2	3	5	6	8	
408	8	16
37	245
3
79	64	32	82	68	
2	3	5	6	7	
541	8	16
253	137
4
1	18	98	87	72	
1	3	5	7	9	
640	6	12
118	254
5
10	36	33	36	74	
2	3	4	6	7	
689	6	12
292	219
6
56	53	56	18	21	
1	3	4	6	7	
812	8	16
117	103
7
98	82	34	21	81	
2	4	5	7	8	
824	6	12
17	26
8
3	100	85	14	85	
2	4	5	7	9	
853	10	20
184	246
9
93	73	52	26	30	
1	2	4	5	6	
995	5	10
69	192
10
20	52	28	96	88	
2	3	4	5	7	
1058	9	18
7	14
11
49	94	16	96	97	
1	3	4	6	7	
1210	5	10
46	226
12
5	30	29	88	14	
2	3	5	7	8	
1338	7	14
267	44
13
73	11	55	95	14	
2	3	5	6	8	
1516	9	18
182	164
14
56	26	35	85	81	
1	3	4	6	7	
1713	6	12
162	225
15
28	63	68	95	6	
2	4	6	8	9	
1799	8	16
33	249
16
59	81	34	18	3	
2	3	4	6	7	
1869	7	14
256	4
17
57	59	58	73	16	
2	3	4	5	7	
1974	8	16
298	189
18
78	22	59	36	14	
1	2	4	5	7	
2024	10	20
58	162
19
34	80	12	23	44	
2	4	6	8	10	
2222	9	18
194	160
20
18	25	10	62	25	
2	4	6	8	10	
2240	8	16
74	85
21
47	70	48	20	77	
1	3	4	6	8	
2427	6	12
5	160
22
31	24	18	36	46	
2	3	5	6	7	
2432	10	20
85	159
23
99	77	30	35	36	
1	3	4	6	7	
2475	5	10
212	228
24
95	21	87	4	29	
2	4	5	7	8	
2505	9	18
186	68
25
65	56	92	91	2	
2	4	5	7	9	
2551	6	12
239	286
26
67	96	87	31	32	
2	3	5	7	8	
2598	6	12
118	116
27
4	42	81	33	36	
1	2	3	5	6	
2621	7	14
187	121
28
46	97	51	68	93	
1	2	3	5	7	
2719	6	12
284	99
29
83	80	78	69	20	
2	4	6	7	8	
2743	7	14
77	161
30
61	43	55	56	76	
1	2	3	4	5	
2784	5	10
20	130
31
67	23	16	24	52	
1	3	4	5	7	
2881	10	20
86	50
32
19	70	62	81	78	
1	3	4	6	8	
2905	7	14
33	23
33
14	51	15	7	87	
2	4	6	8	9	
3017	7	14
126	299
34
61	81	98	2	70	
2	4	5	6	8	
3025	8	16
124	152
35
90	14	73	42	16	
2	4	6	8	9	
3108	10	20
119	269
36
15	63	88	7	52	
2	4	5	7	9	
3571	6	12
145	137
37
46	56	68	9	48	
2	4	5	6	8	
3620	9	18
203	226
38
80	83	1	30	69	
1	3	5	7	9	
3640	8	16
139	285
39
55	52	1	55	34	
1	3	4	5	7	
3672	7	14
248	135
40
56	11	21	63	23	
1	3	5	6	8	
3725	7	14
230	158
41
56	23	18	89	91	
2	4	5	6	7	
3872	9	18
31	39
42
72	1	50	2	48	
2	4	5	7	8	
3978	6	12
40	269
43
4	90	68	42	53	
1	2	3	4	6	
4058	6	12
163	81
44
61	79	43	69	19	
2	4	5	6	8	
4114	10	20
173	119
45
86	8	65	94	73	
1	2	4	6	7	
4165	5	10
247	236
46
63	73	84	19	29	
2	4	6	8	10	
4242	9	18
203	37
47
74	21	20	98	1	
2	3	5	7	9	
4263	10	20
61	49
48
23	66	50	35	63	
2	4	6	8	10	
4503	10	20
58	45
49
24	45	87	55	72	
1	3	5	6	8	
4798	7	14
8	44
93	254
293	184