50	5	4000	11
0
31	82	19	26	86	
1	3	5	7	9	
87	10	20
94	245
1
47	63	44	13	47	
2	3	4	6	8	
208	8	16
259	65
2
95	50	13	48	77	
2	3	5	6	8	
364	7	14
78	64
3
49	85	77	61	11	
1	2	4	5	7	
417	9	18
71	140
4
88	82	1	25	25	
1	3	4	5	6	
462	7	14
82	33
5
62	37	57	49	67	
1	3	4	6	7	
524	6	12
244	147
6
80	94	67	89	28	
1	3	5	7	9	
695	6	12
155	100
7
13	79	68	47	25	
2	3	4	5	7	
774	6	12
35	143
8
16	19	18	33	8	
2	4	5	7	9	
822	7	14
215	217
9
52	78	7	64	40	
1	3	5	6	8	
844	6	12
77	297
10
58	15	3	61	58	
2	3	5	6	8	
1115	9	18
197	125
11
7	33	78	21	96	
1	2	3	5	6	
1240	10	20
10	171
12
12	60	71	47	3	
2	4	6	7	9	
1293	5	10
144	111
13
56	35	56	39	21	
1	3	5	6	8	
1353	7	14
245	83
14
13	83	99	26	64	
1	3	4	6	8	
1803	8	16
75	284
15
20	43	76	69	49	
1	2	4	6	8	
1962	8	16
253	90
16
43	34	23	89	55	
2	4	6	7	8	
2127	9	18
180	290
17
5	28	37	26	87	
2	3	5	7	8	
2424	6	12
184	136
18
66	64	97	64	9	
2	3	4	6	7	
2613	9	18
111	126
19
43	84	93	18	86	
2	4	5	6	8	
2758	9	18
190	293
20
43	61	43	63	82	
2	4	6	8	9	
2827	5	10
265	1
21
53	22	83	81	85	
1	2	4	5	7	
2850	9	18
272	263
22
15	55	34	30	36	
1	3	4	6	8	
2885	8	16
273	143
23
48	82	86	71	59	
1	2	4	6	7	
2907	8	16
171	115
24
19	20	18	67	64	
1	2	3	5	6	
3095	10	20
206	81
25
22	2	84	73	89	
2	3	5	6	7	
3160	5	10
180	77
26
73	12	35	56	72	
1	2	4	6	7	
3186	9	18
278	270
27
95	21	22	11	32	
1	3	5	6	8	
3189	9	18
43	235
28
16	17	12	72	82	
1	3	5	7	8	
3291	5	10
228	174
29
64	83	31	19	45	
2	3	4	6	8	
3481	10	20
258	15
30
91	53	13	39	44	
2	3	5	7	8	
3496	5	10
288	207
31
80	79	70	54	5	
2	3	4	6	8	
3567	8	16
31	50
32
63	39	35	32	82	
1	3	5	6	8	
3576	5	10
126	224
33
49	72	33	31	55	
1	3	5	7	9	
3726	8	16
241	106
34
37	85	11	83	96	
1	3	5	7	9	
3747	5	10
191	31
35
18	7	24	46	4	
2	3	5	7	9	
4077	8	16
196	109
36
64	61	59	38	34	
1	2	4	5	7	
4121	9	18
96	67
37
62	94	2	71	18	
2	4	6	7	8	
4138	6	12
280	254
38
48	4	87	20	45	
1	3	4	5	7	
4286	10	20
47	229
39
22	33	84	33	77	
2	3	4	5	6	
4360	6	12
9	162
40
27	48	33	65	90	
1	3	4	6	8	
4523	9	18
187	282
41
41	89	17	73	6	
1	2	3	5	6	
4525	7	14
71	57
42
79	36	84	23	53	
2	4	5	6	8	
4576	7	14
14	132
43
28	90	7	40	36	
2	3	5	7	9	
4676	9	18
59	53
44
52	59	15	13	33	
1	2	3	4	5	
4767	5	10
116	264
45
77	80	30	30	28	
2	3	5	6	8	
4842	8	16
92	271
46
48	91	58	58	31	
2	4	6	8	10	
4887	10	20
127	61
47
94	38	47	3	82	
2	3	4	5	6	
4888	8	16
186	100
48
3	15	49	46	92	
1	3	4	6	7	
4935	7	14
182	284
49
99	5	85	69	23	
1	3	4	6	8	
4958	7	14
20	81
282	103
185	238