50	5	4000	2
0
65	5	72	17	91	
2	3	5	6	8	
128	8	16
264	197
1
25	52	9	70	48	
1	3	5	7	9	
130	7	14
94	267
2
54	82	17	63	98	
2	4	6	7	9	
224	7	14
81	70
3
23	84	99	72	7	
2	3	4	6	8	
515	10	20
188	69
4
38	58	15	29	87	
2	4	5	7	8	
607	8	16
114	118
5
17	69	46	58	61	
2	4	6	7	9	
757	5	10
265	129
6
27	90	14	70	22	
1	3	5	6	7	
964	9	18
2	42
7
62	40	13	45	6	
2	3	5	6	8	
1207	7	14
173	232
8
46	92	60	28	95	
2	4	6	7	8	
1233	10	20
7	242
9
89	52	22	50	99	
2	3	5	6	7	
1374	10	20
130	265
10
70	20	13	98	41	
2	4	5	7	8	
1430	8	16
33	252
11
26	18	32	58	68	
2	3	5	6	8	
1439	8	16
80	248
12
93	100	11	63	11	
2	3	5	6	8	
1475	10	20
180	78
13
43	6	13	66	84	
2	4	6	7	8	
1531	10	20
218	168
14
35	84	6	60	7	
2	3	4	5	6	
1602	9	18
137	85
15
10	17	82	53	14	
2	4	5	6	8	
1788	9	18
73	144
16
100	25	75	70	7	
2	3	4	6	8	
1800	10	20
121	174
17
53	84	73	23	77	
2	3	4	6	7	
2054	5	10
236	292
18
52	82	94	67	99	
1	2	4	5	6	
2058	7	14
189	115
19
83	28	20	25	61	
1	3	4	6	8	
2075	9	18
138	18
20
7	32	97	42	13	
2	4	5	7	9	
2084	10	20
37	129
21
52	89	36	3	14	
1	3	4	5	6	
2109	6	12
42	14
22
35	61	69	25	6	
2	4	5	6	7	
2133	9	18
153	4
23
82	12	27	64	12	
1	3	5	7	8	
2288	8	16
49	283
24
11	69	89	48	34	
2	3	5	7	9	
2383	6	12
296	144
25
36	60	3	53	6	
2	4	6	8	9	
2388	6	12
229	27
26
64	18	32	99	33	
1	2	3	5	7	
2442	5	10
247	212
27
4	26	28	7	21	
2	4	5	6	7	
2452	7	14
14	34
28
56	85	63	13	58	
1	3	4	6	7	
2458	9	18
229	238
29
52	56	3	87	82	
2	4	5	7	9	
2539	9	18
148	184
30
69	100	97	60	56	
1	3	5	6	8	
2556	5	10
286	157
31
14	30	86	32	49	
2	3	4	5	7	
2831	6	12
38	157
32
23	61	67	58	86	
2	3	5	6	8	
3163	7	14
110	154
33
86	17	4	61	93	
1	3	5	7	9	
3282	6	12
237	80
34
54	86	47	57	50	
1	3	5	6	8	
3666	10	20
82	264
35
45	31	29	72	94	
1	3	4	6	7	
3822	5	10
106	272
36
25	84	31	35	52	
1	2	3	5	6	
3831	9	18
194	101
37
84	53	85	57	21	
1	3	4	5	7	
3876	6	12
101	236
38
69	61	43	58	91	
2	3	5	7	9	
3905	10	20
130	90
39
26	87	49	18	60	
2	4	6	7	9	
3983	6	12
51	183
40
82	9	3	17	2	
2	3	4	5	7	
4243	8	16
219	81
41
42	30	65	78	26	
1	3	5	6	8	
4340	8	16
294	173
42
54	94	43	83	44	
1	3	4	5	7	
4417	9	18
62	164
43
17	88	17	45	55	
2	3	5	7	8	
4420	7	14
275	246
44
70	18	48	50	42	
1	2	3	5	6	
4475	10	20
184	143
45
15	54	33	81	99	
2	4	5	7	9	
4550	5	10
272	178
46
80	31	46	7	88	
2	3	5	6	7	
4712	9	18
256	224
47
86	98	83	64	56	
1	3	5	7	8	
4747	6	12
190	160
48
1	84	62	59	81	
2	3	4	5	7	
4946	10	20
205	209
49
34	79	26	12	27	
2	4	6	8	9	
4950	8	16
84	38
203	116
160	91