50	5	4000	17
0
6	49	10	9	58	
1	2	3	5	7	
56	9	18
14	136
1
94	47	66	82	81	
2	3	4	5	6	
98	6	12
228	157
2
75	42	28	38	91	
2	4	5	6	8	
136	5	10
141	194
3
26	60	20	40	23	
1	3	5	6	8	
256	7	14
298	30
4
22	76	90	12	64	
1	2	3	4	5	
423	5	10
73	69
5
3	96	48	85	63	
2	3	4	6	7	
686	5	10
190	205
6
2	18	54	24	99	
1	3	5	7	8	
790	9	18
280	218
7
20	43	73	30	78	
1	2	4	5	7	
814	8	16
174	56
8
63	9	32	98	33	
1	3	4	5	7	
910	5	10
22	273
9
80	95	9	17	39	
2	3	5	6	8	
1106	9	18
201	258
10
32	51	8	71	83	
2	3	5	7	9	
1111	8	16
234	10
11
49	59	58	77	78	
2	4	5	7	8	
1280	7	14
115	213
12
54	13	17	27	25	
1	2	4	6	8	
1289	8	16
163	76
13
6	77	32	83	39	
1	3	5	7	9	
1296	10	20
167	217
14
41	48	15	33	35	
2	4	5	7	9	
1616	5	10
177	279
15
10	97	65	3	77	
1	3	4	5	6	
1788	6	12
240	158
16
36	13	42	84	72	
1	3	4	6	8	
1796	5	10
198	8
17
20	29	53	70	35	
1	2	4	6	8	
1952	10	20
262	228
18
51	43	13	46	37	
1	3	4	6	7	
2080	5	10
15	154
19
77	35	63	48	22	
2	4	6	8	9	
2240	10	20
73	204
20
80	3	2	92	22	
1	3	4	5	7	
2339	5	10
77	115
21
24	4	81	58	72	
2	4	6	8	9	
2430	6	12
234	0
22
87	46	63	89	98	
2	4	5	6	7	
2455	9	18
267	168
23
84	59	67	57	88	
1	2	3	4	5	
2623	7	14
258	186
24
18	85	20	47	2	
1	3	4	6	8	
2651	9	18
258	107
25
67	94	81	56	98	
1	3	5	6	7	
2665	6	12
297	122
26
92	19	93	51	22	
2	4	6	8	9	
2673	10	20
75	153
27
72	44	49	83	77	
2	3	5	7	8	
2680	9	18
268	136
28
33	73	11	30	92	
2	3	4	5	6	
2748	9	18
26	46
29
52	91	31	15	61	
2	3	5	7	8	
2852	6	12
173	53
30
54	26	20	4	84	
1	3	4	5	6	
2854	5	10
212	98
31
87	13	12	37	45	
1	3	4	6	8	
3178	6	12
208	238
32
65	76	79	87	86	
2	4	6	7	8	
3207	6	12
120	163
33
92	50	34	36	31	
2	3	5	7	9	
3271	8	16
231	162
34
68	4	93	36	37	
2	3	4	5	6	
3292	9	18
181	272
35
45	63	46	39	9	
2	4	6	8	10	
3313	5	10
24	38
36
78	1	21	52	15	
2	4	6	7	9	
3323	7	14
147	112
37
27	7	7	42	81	
2	3	5	6	7	
3407	8	16
206	141
38
82	51	55	62	68	
2	3	4	6	7	
3437	10	20
17	160
39
95	88	27	26	40	
1	2	3	4	5	
3518	8	16
183	90
40
100	29	98	54	30	
1	2	4	5	7	
3520	5	10
242	208
41
30	73	26	60	71	
2	3	4	6	7	
3564	5	10
75	187
42
28	66	56	18	46	
2	3	5	6	8	
3630	10	20
167	248
43
10	18	18	2	82	
1	2	3	5	7	
3653	8	16
31	200
44
38	44	55	63	61	
1	2	4	5	7	
4445	7	14
201	17
45
8	69	36	78	18	
2	4	5	7	8	
4474	5	10
104	203
46
44	28	83	3	94	
1	2	3	4	5	
4504	10	20
102	10
47
67	13	25	67	1	
1	2	4	6	8	
4508	8	16
287	86
48
87	98	85	45	89	
1	2	3	5	7	
4760	7	14
262	246
49
82	16	68	8	70	
2	4	6	8	10	
4787	9	18
57	252
295	252
12	194