50	5	4000	9
0
43	10	71	78	84	
2	4	5	7	9	
5	10	20
168	80
1
29	72	81	77	49	
2	3	4	5	6	
40	10	20
125	11
2
84	27	70	40	69	
2	4	6	7	8	
234	8	16
183	45
3
45	52	1	51	1	
1	3	5	7	9	
278	10	20
273	284
4
69	24	49	58	72	
1	3	4	5	7	
384	6	12
147	246
5
86	43	23	62	74	
2	4	6	8	10	
404	8	16
277	194
6
6	43	69	4	12	
1	2	3	5	6	
435	6	12
251	132
7
66	63	87	43	66	
2	4	5	7	8	
541	8	16
238	283
8
21	55	78	33	100	
1	2	4	5	6	
556	9	18
255	231
9
11	48	83	27	45	
1	2	3	5	6	
615	6	12
176	159
10
21	70	97	72	43	
2	4	6	8	10	
730	7	14
258	79
11
3	85	69	34	58	
2	3	4	6	7	
1037	6	12
126	275
12
26	73	61	74	19	
2	3	5	7	8	
1144	6	12
19	235
13
75	27	28	14	34	
2	3	4	5	7	
1171	7	14
19	141
14
77	89	29	64	5	
1	2	4	5	7	
1231	10	20
155	280
15
1	65	98	27	92	
2	4	6	7	8	
1316	7	14
171	45
16
69	90	89	45	55	
2	4	6	8	9	
1388	5	10
185	73
17
68	36	76	70	37	
2	3	4	5	6	
1449	10	20
218	35
18
28	49	98	1	21	
1	2	3	4	6	
1513	5	10
191	68
19
9	47	50	82	5	
1	2	3	4	6	
1554	10	20
108	42
20
77	57	21	65	75	
2	4	5	6	7	
1651	7	14
262	181
21
18	75	8	44	45	
2	4	5	6	7	
1697	6	12
54	111
22
9	59	92	79	47	
1	2	3	4	5	
1706	6	12
179	277
23
82	66	21	76	18	
2	4	5	7	9	
1897	8	16
84	45
24
4	6	24	29	24	
1	2	3	4	6	
2053	8	16
228	266
25
14	43	13	6	77	
1	2	4	6	8	
2453	5	10
72	254
26
27	48	76	41	37	
2	3	5	6	8	
2508	9	18
263	191
27
33	56	31	91	95	
1	2	4	5	7	
2557	10	20
98	290
28
23	96	64	45	81	
2	3	5	7	9	
2836	8	16
246	272
29
94	29	16	77	64	
1	3	5	6	8	
2858	5	10
151	10
30
25	17	96	25	85	
2	4	5	7	9	
2995	8	16
4	26
31
45	33	70	56	56	
1	2	3	4	5	
3064	7	14
126	83
32
42	49	97	7	47	
1	3	5	7	8	
3148	10	20
92	245
33
74	72	78	90	17	
1	2	3	5	7	
3243	10	20
173	82
34
78	43	95	20	36	
1	2	3	5	6	
3327	9	18
172	102
35
75	9	24	26	13	
1	3	4	6	8	
3409	10	20
85	254
36
22	37	49	28	18	
1	3	5	7	8	
3641	7	14
203	43
37
56	47	73	6	69	
2	3	4	6	7	
3674	6	12
183	200
38
69	59	59	79	32	
2	4	6	8	9	
3699	8	16
118	158
39
63	48	69	84	92	
2	4	5	6	7	
3752	5	10
208	281
40
95	1	10	4	1	
2	4	5	7	9	
3768	5	10
84	197
41
71	68	14	80	70	
1	3	5	7	9	
3881	9	18
185	149
42
99	47	36	58	63	
2	4	5	6	8	
3900	9	18
37	169
43
72	64	36	18	96	
2	3	4	5	6	
4471	5	10
290	37
44
26	27	7	42	45	
2	4	6	8	10	
4516	6	12
287	73
45
2	19	51	38	23	
1	2	3	5	7	
4564	9	18
282	205
46
83	68	68	5	48	
2	4	5	6	8	
4599	7	14
78	2
47
95	17	5	14	8	
2	3	4	6	8	
4661	6	12
273	84
48
66	39	50	53	12	
1	3	4	5	6	
4836	8	16
287	54
49
48	16	85	41	18	
1	2	4	5	6	
4952	7	14
282	129
88	120
234	244