50	5	4000	12
0
27	10	54	58	99	
2	3	5	7	9	
12	6	12
27	261
1
79	57	71	71	61	
2	3	4	6	8	
472	6	12
251	11
2
96	62	26	43	8	
1	3	5	7	8	
486	10	20
296	123
3
23	74	6	38	76	
2	4	6	8	10	
514	9	18
48	179
4
60	15	23	14	7	
1	3	5	7	9	
593	6	12
275	113
5
70	84	74	22	16	
1	3	5	7	9	
790	9	18
0	99
6
74	5	27	69	93	
2	4	5	6	7	
920	5	10
288	274
7
81	2	36	92	38	
2	4	5	6	8	
955	6	12
3	281
8
39	53	100	52	93	
2	4	5	6	7	
995	9	18
273	63
9
62	23	85	42	85	
1	2	3	4	5	
1087	5	10
247	190
10
51	84	82	42	81	
2	4	6	8	9	
1099	9	18
51	129
11
12	52	60	68	74	
2	3	4	5	6	
1230	5	10
79	54
12
84	66	59	67	71	
1	3	4	5	6	
1258	6	12
61	147
13
20	12	62	40	81	
1	3	4	6	8	
1352	10	20
126	53
14
4	69	4	94	98	
1	3	5	6	8	
1452	8	16
189	77
15
69	93	51	10	37	
1	3	4	5	7	
1554	9	18
284	269
16
62	13	5	11	77	
2	3	4	5	7	
1571	10	20
53	156
17
69	93	16	81	66	
1	2	4	6	8	
1594	9	18
273	246
18
21	59	54	18	33	
2	3	4	5	7	
1693	10	20
19	231
19
34	65	77	55	54	
2	3	5	6	8	
1779	8	16
234	90
20
36	45	23	79	47	
2	4	5	7	8	
1789	9	18
217	141
21
62	56	22	25	35	
1	2	4	5	6	
2008	7	14
103	5
22
63	57	8	92	39	
2	4	6	7	8	
2417	8	16
147	188
23
90	6	74	34	16	
2	3	5	7	8	
2521	8	16
176	58
24
85	99	48	87	85	
2	3	4	5	7	
2644	6	12
58	19
25
58	6	36	11	39	
1	3	5	7	9	
2665	7	14
180	165
26
73	32	68	61	70	
1	3	5	6	8	
2701	5	10
281	217
27
40	41	17	69	3	
1	3	4	5	6	
2750	9	18
70	86
28
77	27	52	38	75	
2	4	5	6	7	
2807	7	14
53	44
29
33	83	50	69	48	
1	3	5	7	9	
2914	5	10
273	185
30
65	54	88	85	44	
2	4	6	8	9	
3383	6	12
194	88
31
65	49	31	11	73	
1	3	4	5	7	
3417	9	18
172	26
32
67	87	36	21	45	
1	3	5	7	9	
3501	10	20
284	197
33
13	52	82	99	63	
2	4	6	8	10	
3620	7	14
40	148
34
60	12	51	38	99	
2	4	6	7	8	
3698	10	20
117	163
35
77	42	78	83	16	
2	4	6	8	10	
3746	5	10
231	132
36
17	26	88	39	55	
1	3	5	7	8	
3761	6	12
201	218
37
17	66	7	83	72	
1	3	5	6	8	
3809	8	16
230	54
38
19	42	48	72	35	
1	3	4	6	8	
3813	10	20
262	214
39
71	5	68	58	92	
1	2	4	5	7	
3858	10	20
271	227
40
40	31	22	66	95	
2	3	5	6	8	
3963	7	14
271	174
41
27	92	55	5	87	
2	4	6	8	9	
4093	5	10
75	102
42
9	17	92	76	99	
1	3	5	6	8	
4404	5	10
180	97
43
78	90	11	70	37	
1	3	5	6	7	
4454	6	12
89	175
44
14	31	55	94	92	
2	3	5	6	7	
4468	6	12
27	297
45
34	76	44	81	26	
1	2	4	5	7	
4468	8	16
258	215
46
73	66	81	96	64	
1	2	4	5	6	
4550	6	12
25	146
47
15	83	83	19	59	
1	2	3	5	7	
4750	7	14
254	116
48
59	89	96	32	15	
1	2	4	6	8	
4840	6	12
75	34
49
75	15	1	83	44	
2	3	5	6	7	
4993	9	18
125	85
138	262
18	21