50	5	4000	19
0
47	59	47	4	4	
1	3	5	7	9	
37	8	16
231	156
1
97	43	18	2	3	
2	4	5	6	7	
107	6	12
200	138
2
98	88	16	18	15	
2	4	6	8	9	
225	5	10
39	207
3
21	80	83	52	22	
1	2	4	6	7	
233	10	20
140	255
4
30	64	22	77	28	
1	2	4	6	7	
399	8	16
257	32
5
49	26	34	27	22	
1	2	4	5	7	
419	9	18
55	64
6
85	95	8	76	80	
2	3	4	5	7	
504	9	18
100	52
7
13	94	23	36	40	
1	2	3	4	6	
777	7	14
256	99
8
60	45	30	9	26	
1	3	4	5	6	
804	8	16
95	8
9
28	98	96	3	98	
2	3	5	6	7	
919	9	18
221	29
10
36	44	4	55	87	
2	4	6	8	9	
946	9	18
296	241
11
94	94	94	71	79	
1	3	5	6	7	
1077	5	10
36	114
12
91	94	59	59	78	
1	3	5	6	7	
1198	5	10
150	184
13
41	78	43	54	45	
2	3	5	6	8	
1290	6	12
188	8
14
60	21	4	81	4	
1	3	5	7	9	
1308	5	10
12	207
15
38	52	42	48	98	
2	3	4	5	6	
1315	8	16
233	69
16
1	32	27	24	81	
1	2	3	4	5	
1432	6	12
153	40
17
62	82	96	67	33	
2	4	6	7	9	
1473	10	20
203	179
18
29	41	14	32	78	
1	3	4	6	7	
1492	9	18
102	183
19
97	41	29	87	59	
1	2	4	5	6	
1514	8	16
54	93
20
14	9	46	9	71	
2	3	4	5	7	
1645	5	10
169	159
21
65	25	15	49	57	
1	2	4	6	8	
1797	7	14
249	280
22
80	32	19	30	11	
2	4	5	7	9	
1816	6	12
240	201
23
51	12	8	50	28	
2	3	5	6	7	
1865	6	12
197	95
24
23	99	62	35	91	
2	3	4	6	8	
1879	5	10
289	99
25
77	67	66	6	67	
1	3	5	6	7	
1955	7	14
4	260
26
100	48	47	91	23	
2	4	6	8	10	
2095	8	16
147	54
27
99	86	45	89	58	
1	2	4	6	7	
2278	8	16
292	66
28
71	38	66	13	73	
2	4	6	7	8	
2396	5	10
155	106
29
90	23	3	8	96	
1	3	5	6	7	
2489	8	16
124	270
30
11	55	32	36	97	
2	3	4	5	7	
2513	8	16
139	170
31
80	19	95	40	28	
1	3	5	7	8	
2700	10	20
236	42
32
57	50	32	95	50	
2	4	6	7	9	
2807	6	12
144	13
33
96	84	38	5	77	
2	4	5	6	7	
3258	9	18
197	170
34
93	70	67	93	64	
2	4	5	6	8	
3372	7	14
76	269
35
88	80	30	47	88	
1	3	4	5	7	
3373	7	14
57	167
36
31	93	34	67	15	
1	3	5	7	8	
3379	5	10
166	120
37
100	64	99	54	27	
1	2	4	6	8	
3631	9	18
0	49
38
23	55	28	1	8	
2	3	5	7	8	
3681	9	18
72	57
39
28	32	12	25	72	
2	4	6	8	9	
3739	7	14
199	238
40
62	100	18	48	4	
2	3	5	6	7	
3867	5	10
173	231
41
10	59	33	58	20	
1	2	3	4	5	
3994	9	18
138	140
42
49	12	97	22	23	
2	3	4	5	6	
4001	5	10
255	250
43
5	24	30	46	75	
1	2	4	5	6	
4132	6	12
15	234
44
30	3	72	29	97	
2	4	5	6	8	
4223	6	12
243	57
45
61	93	28	36	59	
1	3	5	6	7	
4604	6	12
143	267
46
40	38	5	80	99	
1	2	4	6	8	
4684	10	20
104	62
47
41	1	78	75	65	
1	3	5	6	8	
4725	8	16
287	194
48
76	82	16	30	51	
1	2	4	6	7	
4967	10	20
14	256
49
63	4	9	57	71	
1	3	4	5	7	
4980	6	12
73	206
233	109
146	44