50	5	4000	10
0
8	28	3	75	92	
1	3	4	5	6	
84	8	16
94	173
1
3	16	4	25	55	
2	4	6	8	10	
125	7	14
76	262
2
32	33	28	53	28	
1	3	4	5	6	
286	6	12
248	255
3
48	93	88	41	85	
2	4	5	6	8	
533	9	18
122	152
4
73	41	64	38	76	
1	3	4	5	7	
535	10	20
269	53
5
16	64	78	54	7	
1	2	3	4	6	
571	6	12
130	142
6
40	90	83	11	50	
2	3	4	6	7	
953	9	18
47	225
7
95	21	77	93	51	
1	3	4	5	7	
1082	7	14
81	205
8
25	94	61	5	68	
2	3	4	6	7	
1122	7	14
48	43
9
62	45	97	72	49	
1	2	4	5	6	
1187	5	10
138	71
10
20	16	58	43	58	
2	3	5	7	9	
1592	9	18
262	180
11
94	79	71	21	42	
1	2	4	5	7	
1652	8	16
186	94
12
94	50	27	21	27	
2	3	4	5	6	
1887	5	10
111	55
13
77	37	58	3	42	
2	3	4	6	7	
1905	9	18
287	169
14
99	40	52	1	86	
1	3	4	6	7	
1984	7	14
192	164
15
64	99	15	47	58	
1	3	4	5	7	
2073	7	14
88	232
16
8	67	24	88	95	
1	2	3	4	5	
2141	6	12
40	204
17
39	4	71	57	31	
2	3	5	7	8	
2244	7	14
224	69
18
34	100	71	16	15	
1	3	4	6	8	
2264	10	20
18	37
19
57	84	55	11	37	
2	4	6	7	9	
2423	7	14
0	162
20
30	33	27	84	35	
1	3	5	6	7	
2664	6	12
103	204
21
38	82	5	71	15	
1	2	4	6	7	
2704	6	12
207	113
22
88	33	54	82	43	
2	4	5	7	9	
2748	8	16
266	233
23
98	44	4	55	63	
2	4	5	7	8	
2818	6	12
94	38
24
18	38	87	70	72	
2	4	5	6	7	
2830	8	16
96	250
25
99	63	66	17	48	
2	4	6	8	9	
2832	8	16
252	40
26
100	97	45	13	97	
1	2	3	5	7	
3267	6	12
294	115
27
99	81	12	66	84	
1	3	4	6	8	
3359	8	16
108	155
28
73	70	54	41	97	
2	4	6	7	8	
3436	5	10
59	29
29
51	88	41	72	18	
2	4	6	8	10	
3474	6	12
174	108
30
54	29	9	57	7	
2	3	5	7	9	
3532	8	16
167	234
31
36	33	28	16	49	
2	3	5	6	7	
3546	7	14
228	176
32
7	43	90	64	93	
1	3	4	5	7	
3766	5	10
51	41
33
50	9	51	33	65	
2	4	5	7	8	
3831	10	20
253	238
34
29	68	47	16	1	
1	3	4	6	7	
3888	5	10
201	181
35
50	91	37	2	98	
1	3	5	7	9	
3932	8	16
184	153
36
36	20	38	91	48	
2	3	4	5	6	
4009	5	10
189	5
37
49	97	28	47	78	
1	3	4	5	7	
4087	9	18
121	230
38
42	78	64	19	89	
1	3	5	6	7	
4091	9	18
16	46
39
48	19	42	22	3	
1	3	4	6	8	
4249	6	12
224	99
40
86	23	20	72	85	
2	4	6	7	8	
4329	6	12
267	216
41
15	12	26	84	82	
1	3	4	5	6	
4480	6	12
11	152
42
15	67	30	55	10	
1	3	5	6	8	
4557	8	16
56	209
43
86	56	9	21	59	
2	3	5	7	8	
4630	5	10
246	214
44
84	79	91	57	27	
2	3	5	6	8	
4695	6	12
53	132
45
57	67	96	95	5	
2	4	5	6	8	
4771	9	18
253	41
46
8	23	10	1	67	
1	3	5	6	8	
4807	10	20
25	254
47
77	65	51	41	100	
2	3	4	5	7	
4857	6	12
82	74
48
20	42	68	32	73	
1	3	5	6	7	
4896	6	12
27	256
49
3	29	100	46	68	
2	4	6	7	8	
4931	8	16
251	165
68	178
300	200