50	5	4000	5
0
44	24	23	36	93	
2	4	5	7	8	
54	9	18
120	196
1
62	4	96	85	75	
2	3	4	6	7	
102	9	18
259	162
2
19	25	95	39	30	
2	3	4	5	6	
144	8	16
152	211
3
36	51	64	30	31	
2	4	5	6	8	
296	6	12
1	228
4
33	32	81	24	9	
1	3	4	5	7	
363	5	10
78	267
5
50	11	40	18	56	
1	2	4	6	8	
422	5	10
173	115
6
10	42	40	66	24	
2	3	4	6	8	
427	7	14
6	232
7
4	33	94	82	46	
1	3	5	6	7	
500	6	12
189	0
8
52	25	51	75	45	
2	3	5	7	9	
505	9	18
38	141
9
28	96	48	58	56	
2	3	4	6	7	
525	5	10
156	268
10
25	61	11	2	86	
2	3	5	6	8	
618	5	10
279	298
11
78	10	84	29	49	
1	2	3	4	5	
635	5	10
184	193
12
65	97	65	59	99	
2	3	4	5	7	
649	8	16
141	44
13
55	26	44	60	46	
2	3	5	7	8	
650	10	20
15	148
14
85	15	96	92	21	
1	2	3	4	6	
703	9	18
235	181
15
82	22	37	88	74	
1	2	4	6	8	
809	9	18
44	220
16
46	20	76	44	25	
1	3	4	5	7	
989	5	10
117	197
17
95	71	90	100	32	
1	3	4	5	6	
1073	10	20
124	82
18
95	78	2	4	45	
1	2	3	4	5	
1075	6	12
67	205
19
94	16	72	31	71	
1	3	5	7	9	
1197	5	10
164	215
20
82	49	18	31	3	
1	2	4	5	7	
1261	6	12
79	224
21
38	8	100	66	39	
2	4	6	8	9	
1264	9	18
23	281
22
23	68	9	41	18	
1	2	3	4	5	
1544	7	14
47	118
23
44	29	24	39	83	
2	3	4	5	7	
1613	8	16
218	243
24
74	55	13	58	81	
2	4	5	7	9	
2079	5	10
286	14
25
100	62	88	18	60	
1	3	5	6	8	
2378	10	20
179	188
26
66	45	6	69	4	
1	2	3	5	7	
2396	10	20
97	128
27
96	34	66	61	9	
2	3	5	6	7	
2404	9	18
85	281
28
63	11	84	25	49	
2	4	6	8	9	
2691	9	18
147	244
29
5	13	89	84	42	
1	3	5	6	7	
2705	7	14
63	166
30
54	12	75	77	26	
2	3	5	6	7	
2766	7	14
247	100
31
7	31	71	30	44	
1	2	4	6	8	
2813	10	20
19	207
32
81	73	93	27	8	
1	2	4	5	7	
2863	10	20
230	134
33
18	65	95	57	87	
2	4	5	6	8	
2887	6	12
124	90
34
50	34	45	95	52	
1	3	5	7	8	
2995	5	10
103	226
35
49	55	89	99	85	
1	3	5	7	9	
3197	9	18
42	88
36
1	14	13	54	15	
2	4	6	8	10	
3406	6	12
126	248
37
40	47	23	32	45	
1	2	3	4	6	
3569	5	10
298	285
38
15	58	88	66	58	
2	4	5	6	7	
3634	8	16
103	128
39
56	10	74	33	47	
1	2	4	5	7	
4102	8	16
1	185
40
20	50	22	76	70	
1	2	3	5	7	
4119	10	20
274	79
41
32	78	42	29	24	
2	3	4	6	7	
4131	8	16
189	171
42
45	19	88	78	80	
1	2	4	6	7	
4198	9	18
25	153
43
95	74	55	83	81	
1	3	4	5	7	
4415	9	18
228	189
44
97	80	60	91	57	
2	3	4	5	7	
4472	7	14
205	39
45
80	2	72	1	8	
2	3	5	7	8	
4544	5	10
124	158
46
95	18	38	32	35	
1	3	5	6	7	
4613	6	12
271	226
47
19	56	66	53	74	
1	3	4	5	7	
4837	7	14
62	243
48
55	50	58	62	5	
1	2	4	6	7	
4882	5	10
110	203
49
93	17	25	39	76	
1	3	5	7	8	
4945	7	14
212	46
236	211
89	81