50	5	4000	1
0
82	94	91	50	82	
1	3	4	6	8	
123	9	18
270	257
1
50	14	60	74	54	
2	4	6	8	9	
185	8	16
75	76
2
76	71	69	100	6	
2	4	6	8	9	
204	10	20
17	158
3
65	87	11	4	68	
1	3	4	5	7	
253	7	14
131	6
4
43	49	24	34	64	
2	3	5	7	8	
337	7	14
96	286
5
16	10	34	2	29	
2	3	4	5	6	
392	8	16
148	37
6
90	65	64	43	26	
1	2	4	6	8	
638	9	18
273	35
7
52	95	33	25	50	
1	2	3	5	6	
682	6	12
65	213
8
29	78	29	98	38	
2	4	5	7	8	
924	9	18
274	8
9
5	37	8	34	93	
2	4	6	7	8	
957	9	18
212	173
10
24	6	78	8	60	
2	4	6	7	8	
1077	9	18
73	165
11
63	24	87	27	79	
2	4	6	7	9	
1119	5	10
159	73
12
42	51	99	22	32	
1	3	4	5	6	
1121	10	20
277	16
13
55	99	25	32	61	
1	3	5	6	8	
1226	8	16
27	230
14
21	65	25	97	88	
1	3	4	5	6	
1532	9	18
140	91
15
81	87	17	96	71	
1	3	5	6	7	
1589	5	10
123	121
16
29	73	36	55	41	
1	3	5	7	9	
1694	5	10
227	252
17
56	81	15	80	58	
1	3	5	6	7	
1733	9	18
117	242
18
100	18	84	5	9	
1	3	4	6	8	
1992	6	12
236	107
19
25	25	65	85	87	
1	2	3	4	6	
2059	7	14
229	164
20
86	2	28	14	82	
1	3	4	6	8	
2074	9	18
64	3
21
68	94	97	24	34	
2	4	6	7	9	
2075	10	20
60	263
22
64	100	7	18	40	
1	3	5	6	7	
2460	5	10
292	104
23
75	59	30	69	48	
1	2	3	5	7	
2579	6	12
226	290
24
73	20	4	99	67	
2	4	6	7	9	
2662	5	10
74	255
25
44	32	52	56	37	
1	2	3	4	5	
2728	6	12
259	272
26
21	35	62	25	72	
2	4	6	8	9	
2882	10	20
58	8
27
21	96	32	60	22	
1	2	3	5	7	
2934	10	20
181	109
28
39	6	4	11	48	
2	3	5	6	7	
3000	9	18
218	246
29
71	54	6	43	24	
2	4	5	6	8	
3031	7	14
277	192
30
27	37	34	96	89	
2	4	6	7	8	
3121	8	16
217	278
31
27	36	45	37	45	
1	2	3	4	6	
3126	5	10
239	171
32
87	89	34	63	22	
1	3	4	6	7	
3192	6	12
187	55
33
98	75	16	31	21	
1	2	3	5	7	
3506	10	20
3	144
34
47	27	76	2	85	
2	4	5	6	7	
3522	9	18
284	85
35
53	15	100	95	28	
2	4	5	7	8	
3689	6	12
242	175
36
17	56	27	96	88	
2	3	5	7	8	
3726	7	14
72	158
37
25	77	66	33	92	
2	3	5	6	8	
3727	5	10
26	18
38
19	43	6	47	38	
1	3	5	7	9	
3866	7	14
282	100
39
60	47	24	10	63	
2	3	4	6	8	
3939	7	14
292	285
40
90	22	52	7	31	
2	3	5	7	8	
4099	5	10
130	126
41
37	77	21	23	16	
1	2	4	6	8	
4139	10	20
43	222
42
100	89	72	51	51	
1	2	3	5	6	
4142	7	14
136	285
43
71	66	89	16	75	
1	2	3	4	6	
4294	6	12
16	197
44
92	84	87	79	29	
2	4	6	8	9	
4634	7	14
262	215
45
37	6	100	38	59	
2	3	5	6	7	
4799	7	14
194	129
46
23	55	11	44	18	
1	2	3	5	6	
4879	7	14
144	106
47
45	79	52	31	16	
2	3	4	5	7	
4911	7	14
285	56
48
66	28	91	71	49	
2	3	4	5	7	
4949	8	16
132	256
49
5	64	6	67	38	
1	3	5	6	8	
4971	5	10
72	223
101	51
238	50