50	5	4000	15
0
89	94	97	20	57	
1	2	4	5	6	
210	6	12
176	267
1
60	84	89	73	18	
2	3	4	6	7	
434	10	20
213	223
2
8	81	85	52	24	
2	4	6	8	10	
638	7	14
41	175
3
18	84	80	78	11	
2	3	4	6	8	
650	5	10
31	48
4
86	59	74	23	30	
2	4	6	7	8	
666	9	18
292	131
5
91	35	90	50	69	
2	3	4	5	7	
717	9	18
251	238
6
77	96	100	39	69	
2	3	5	7	8	
988	7	14
218	20
7
48	59	3	82	27	
1	3	5	6	7	
1145	10	20
62	56
8
68	33	23	88	88	
2	4	6	8	9	
1426	8	16
234	101
9
58	27	71	46	96	
1	3	4	6	8	
1479	8	16
202	6
10
23	80	39	36	92	
1	3	4	5	6	
1529	8	16
153	126
11
71	8	15	49	5	
1	3	5	7	8	
1534	7	14
253	67
12
39	5	19	47	31	
1	2	4	6	8	
1545	8	16
161	287
13
39	43	66	18	73	
1	2	4	6	8	
1651	6	12
201	220
14
7	11	87	23	45	
2	3	4	6	7	
1664	8	16
22	199
15
99	27	96	44	31	
1	3	5	6	8	
1698	10	20
112	275
16
87	12	38	26	61	
1	3	5	7	9	
1726	9	18
218	196
17
84	30	85	85	3	
2	3	5	6	8	
1821	8	16
44	279
18
7	11	70	11	27	
1	2	3	5	7	
1881	5	10
71	157
19
43	11	51	66	28	
1	2	4	6	7	
1892	9	18
182	138
20
32	43	55	45	48	
1	2	3	4	6	
1902	5	10
250	134
21
51	91	47	99	31	
1	3	5	6	8	
2065	6	12
278	205
22
39	20	28	85	19	
2	4	5	7	8	
2149	10	20
281	76
23
24	9	31	21	96	
1	3	5	7	9	
2267	5	10
136	70
24
78	23	43	70	16	
2	3	5	6	7	
2334	7	14
189	86
25
51	91	91	45	23	
1	3	4	5	7	
2358	5	10
147	299
26
18	28	81	33	79	
2	4	5	6	7	
2571	6	12
35	250
27
1	90	40	38	64	
1	3	4	6	8	
2608	7	14
219	86
28
55	49	66	3	88	
1	2	4	5	6	
2680	8	16
276	154
29
97	79	20	14	44	
2	4	5	7	8	
2940	7	14
226	122
30
83	1	90	47	19	
2	3	4	5	6	
3050	6	12
197	17
31
95	69	2	27	19	
1	2	4	6	8	
3248	8	16
29	115
32
13	83	8	7	44	
1	2	3	4	6	
3253	8	16
99	255
33
56	56	75	48	3	
2	4	6	7	8	
3271	7	14
186	8
34
37	59	55	95	86	
1	2	4	6	7	
3302	10	20
0	68
35
17	53	10	61	75	
1	2	3	5	7	
3646	10	20
94	16
36
33	11	60	64	27	
1	2	4	6	7	
3839	5	10
235	26
37
68	55	34	62	22	
1	2	4	6	7	
4004	7	14
277	58
38
55	59	39	93	92	
1	2	4	6	8	
4065	9	18
267	295
39
95	29	22	67	55	
2	3	5	6	8	
4086	8	16
87	182
40
4	45	65	87	81	
1	2	3	5	6	
4148	8	16
110	54
41
56	32	82	29	71	
1	3	5	6	7	
4197	6	12
226	241
42
53	20	52	98	68	
2	3	5	7	9	
4399	8	16
18	70
43
37	52	48	47	26	
2	3	5	6	7	
4549	9	18
222	185
44
52	59	12	40	39	
1	2	4	6	8	
4559	7	14
272	10
45
11	99	65	65	74	
2	3	4	6	7	
4573	7	14
106	212
46
25	16	42	92	7	
1	2	4	5	6	
4614	9	18
236	22
47
39	62	88	70	51	
1	2	3	5	7	
4640	6	12
62	185
48
51	65	99	15	48	
1	3	4	6	7	
4791	7	14
5	217
49
20	54	78	61	54	
1	2	4	6	7	
4845	9	18
167	288
180	68
254	73