50	5	4000	18
0
99	8	11	2	78	
1	2	4	6	7	
1	9	18
61	275
1
44	49	65	14	67	
2	4	6	8	9	
70	6	12
274	217
2
22	48	26	48	34	
2	3	4	6	8	
95	8	16
114	75
3
25	46	41	82	5	
2	4	6	7	9	
206	9	18
183	100
4
78	5	71	82	76	
1	3	4	6	8	
224	5	10
228	232
5
41	59	18	1	15	
1	3	4	5	6	
258	10	20
134	144
6
72	49	14	27	27	
2	4	6	7	8	
461	10	20
34	176
7
14	7	38	47	59	
2	3	4	6	7	
462	5	10
61	134
8
1	2	48	70	99	
2	4	5	7	9	
472	8	16
30	27
9
28	22	87	11	45	
2	4	6	7	8	
568	6	12
105	72
10
16	9	20	81	35	
2	4	6	7	9	
640	7	14
72	120
11
59	80	95	41	19	
1	3	4	5	6	
698	9	18
217	129
12
80	24	25	47	48	
2	3	5	7	9	
729	10	20
199	84
13
32	41	66	78	96	
1	2	4	5	6	
890	6	12
110	275
14
53	86	96	78	35	
1	3	5	7	9	
894	6	12
28	86
15
51	71	100	41	31	
1	3	5	6	8	
1179	8	16
108	146
16
57	75	64	5	21	
1	2	4	5	6	
1462	9	18
104	110
17
18	2	83	77	22	
2	3	5	6	8	
1497	8	16
196	10
18
39	61	56	40	47	
2	4	6	8	10	
1525	8	16
205	141
19
52	38	86	94	77	
2	3	4	6	8	
1567	7	14
192	123
20
5	81	34	82	48	
2	3	5	6	8	
1674	6	12
292	218
21
6	84	27	6	66	
1	3	5	6	8	
1925	6	12
35	247
22
6	16	67	87	68	
2	4	6	8	10	
1930	10	20
232	147
23
74	66	72	69	81	
1	2	4	6	7	
2220	8	16
19	207
24
47	43	2	40	43	
2	3	5	6	7	
2284	9	18
49	41
25
63	12	76	90	35	
1	3	4	6	8	
2340	7	14
77	45
26
97	35	95	74	66	
2	3	5	6	8	
2388	5	10
105	193
27
62	28	86	12	43	
2	3	4	5	6	
2614	9	18
39	75
28
96	39	19	18	42	
2	3	4	5	7	
2830	6	12
283	20
29
50	11	22	51	98	
1	3	4	6	8	
2848	8	16
14	259
30
65	88	27	80	70	
2	4	5	6	8	
3016	8	16
27	225
31
13	58	3	36	81	
2	4	5	6	8	
3061	7	14
280	6
32
71	13	90	95	93	
1	2	4	6	8	
3181	8	16
113	53
33
74	99	49	75	23	
1	2	3	5	7	
3412	5	10
226	199
34
96	44	3	53	27	
2	4	5	6	7	
3426	5	10
263	197
35
15	74	82	50	94	
1	3	4	6	8	
3444	5	10
272	281
36
24	41	45	45	89	
1	2	4	5	6	
3565	6	12
266	235
37
9	77	24	33	88	
1	3	5	7	9	
3712	10	20
240	137
38
8	50	56	62	9	
1	3	4	6	8	
4019	6	12
245	228
39
13	77	75	40	22	
1	3	5	6	7	
4135	8	16
192	241
40
71	97	18	31	14	
2	3	4	6	7	
4260	8	16
70	260
41
24	21	72	30	88	
1	3	5	6	7	
4369	10	20
74	273
42
46	77	56	9	81	
2	4	6	8	10	
4388	10	20
198	8
43
42	80	92	88	99	
1	3	4	6	8	
4437	5	10
139	35
44
62	11	2	34	71	
2	3	4	6	7	
4589	5	10
19	109
45
39	72	18	25	73	
1	2	3	5	6	
4610	7	14
116	151
46
79	33	21	59	63	
2	4	6	8	10	
4651	7	14
281	288
47
17	94	44	100	2	
2	4	6	7	8	
4757	8	16
105	218
48
73	63	59	81	37	
2	4	6	7	9	
4814	10	20
36	58
49
96	99	34	29	62	
1	2	4	6	7	
4925	8	16
111	61
206	203
234	44