60	5	4000	16
0
93	9	3	68	19	
1	3	4	6	7	
99	7	14
207	187
1
27	45	12	53	57	
1	3	4	6	8	
345	7	14
182	135
2
7	84	87	45	14	
2	4	6	7	8	
671	6	12
112	243
3
96	37	53	1	86	
1	2	3	4	6	
800	6	12
165	258
4
96	79	92	83	100	
1	3	5	7	8	
822	10	20
79	279
5
14	3	65	86	10	
1	3	5	6	7	
825	8	16
153	121
6
68	71	17	65	44	
2	4	5	6	7	
935	9	18
93	54
7
6	56	10	45	31	
2	3	5	7	8	
984	6	12
7	184
8
100	63	23	55	66	
2	3	5	6	8	
1031	5	10
157	230
9
10	19	35	60	36	
1	2	4	6	7	
1165	10	20
177	172
10
84	22	67	44	91	
1	2	3	5	7	
1232	9	18
173	78
11
61	9	29	31	99	
1	2	4	6	8	
1359	6	12
238	197
12
13	41	23	82	96	
2	4	5	7	9	
1592	9	18
223	120
13
4	73	98	33	98	
1	3	4	6	8	
1605	8	16
202	287
14
52	77	5	1	57	
1	2	3	4	6	
1706	7	14
245	272
15
4	81	83	94	62	
1	3	4	5	7	
1744	8	16
297	80
16
74	86	96	96	28	
1	2	3	4	6	
1835	10	20
298	219
17
5	57	16	17	86	
2	4	6	8	9	
1860	6	12
188	91
18
78	56	88	61	21	
1	3	5	7	8	
1866	6	12
55	113
19
24	96	44	22	78	
1	2	4	6	7	
1879	10	20
70	35
20
62	14	21	56	29	
2	4	5	7	9	
1984	6	12
99	64
21
15	31	86	1	50	
2	4	6	8	9	
2014	8	16
262	212
22
58	38	57	30	68	
1	3	4	6	7	
2268	6	12
142	223
23
75	33	90	71	10	
1	3	5	7	8	
2322	6	12
49	240
24
4	48	34	28	4	
1	3	4	5	6	
2466	5	10
52	197
25
4	75	31	39	49	
2	4	5	7	9	
2656	7	14
270	41
26
73	23	62	43	90	
2	4	5	6	7	
2745	5	10
106	295
27
3	9	45	87	14	
1	3	5	7	8	
2764	10	20
149	237
28
1	99	70	6	62	
2	3	4	6	7	
2810	5	10
152	165
29
23	77	75	13	99	
1	2	4	6	7	
2994	5	10
7	270
30
45	42	46	93	98	
1	3	4	5	7	
3012	7	14
3	90
31
18	70	99	44	29	
1	3	4	5	7	
3049	6	12
148	183
32
74	46	69	99	33	
2	3	5	6	7	
3076	9	18
153	207
33
98	78	82	51	29	
2	3	4	5	6	
3081	8	16
178	161
34
49	71	28	96	38	
1	3	5	6	8	
3101	7	14
276	231
35
31	20	15	7	49	
1	2	3	5	6	
3117	8	16
172	230
36
83	61	38	44	93	
1	2	3	5	6	
3312	5	10
295	30
37
52	93	84	38	17	
2	3	5	7	9	
3379	9	18
246	245
38
47	41	42	88	54	
2	4	5	7	8	
3390	9	18
206	146
39
13	35	35	72	2	
2	3	5	7	8	
3497	10	20
130	17
40
2	81	64	26	42	
1	2	4	6	8	
3547	10	20
211	223
41
6	1	64	34	44	
1	3	5	6	8	
3590	7	14
131	261
42
41	79	13	88	67	
1	3	5	7	8	
3630	9	18
163	198
43
92	3	91	72	58	
2	4	5	6	8	
3633	6	12
23	56
44
18	80	11	8	66	
2	3	5	6	8	
3914	7	14
116	246
45
38	72	6	19	46	
2	4	5	6	8	
3954	9	18
66	35
46
51	35	43	57	64	
2	3	4	5	6	
3963	7	14
87	285
47
29	65	7	54	88	
1	2	3	4	5	
4109	7	14
37	241
48
5	12	46	24	62	
2	3	4	5	7	
4132	5	10
99	171
49
24	10	76	48	23	
2	3	4	5	7	
4237	6	12
31	229
50
35	37	87	38	66	
1	2	3	4	5	
4456	9	18
151	77
51
81	15	13	93	5	
2	3	5	7	9	
4505	7	14
109	145
52
94	57	82	73	32	
1	3	5	7	9	
4842	7	14
276	222
53
76	22	18	7	96	
1	3	5	7	8	
5006	9	18
204	230
54
70	93	50	40	93	
2	3	5	6	7	
5133	7	14
180	175
55
55	6	12	1	49	
2	3	4	6	8	
5252	6	12
79	233
56
50	87	68	22	87	
1	2	4	6	7	
5346	8	16
17	276
57
64	42	38	69	16	
2	3	5	7	8	
5402	5	10
99	184
58
8	99	92	79	39	
1	2	4	5	7	
5427	5	10
236	139
59
45	78	97	15	7	
1	2	4	6	8	
5831	6	12
272	184
269	123
57	39