60	5	4000	5
0
59	46	42	26	55	
2	3	4	5	7	
94	8	16
48	2
1
96	29	22	49	79	
1	3	4	6	8	
135	8	16
139	255
2
85	84	17	68	50	
1	3	4	6	8	
186	6	12
88	121
3
27	11	58	50	26	
2	4	5	7	9	
237	10	20
132	234
4
60	3	66	54	58	
1	2	3	5	6	
242	6	12
272	134
5
59	29	21	6	80	
2	3	4	5	6	
267	10	20
9	194
6
100	18	55	45	56	
1	3	5	6	8	
271	8	16
54	227
7
98	87	28	99	36	
1	3	4	6	8	
909	10	20
250	274
8
12	3	19	63	40	
2	4	6	7	9	
915	5	10
232	258
9
73	82	46	51	63	
1	3	5	7	9	
1006	5	10
28	64
10
40	77	25	89	73	
2	4	5	6	7	
1272	5	10
246	246
11
56	78	65	12	59	
1	2	3	4	5	
1273	6	12
171	121
12
86	54	76	68	75	
1	2	3	4	6	
1429	5	10
13	50
13
57	62	84	32	53	
1	2	4	5	6	
1448	5	10
258	101
14
17	19	50	98	91	
1	2	3	5	7	
1492	7	14
99	33
15
95	16	53	51	14	
1	3	4	5	7	
1630	6	12
169	232
16
66	43	14	58	50	
2	3	5	6	8	
1715	10	20
15	65
17
52	70	83	83	20	
2	4	6	8	9	
1752	8	16
98	165
18
92	79	83	72	81	
2	4	6	8	9	
1845	8	16
11	230
19
25	63	39	79	2	
2	4	5	6	8	
2116	6	12
155	228
20
1	94	76	27	4	
1	2	4	6	7	
2122	5	10
136	133
21
33	11	74	20	35	
1	3	5	6	7	
2308	10	20
277	135
22
87	95	33	73	37	
2	4	6	8	9	
2691	10	20
263	81
23
91	8	99	60	88	
1	2	4	5	7	
2784	9	18
68	167
24
76	48	80	95	52	
2	4	6	8	10	
2791	8	16
165	112
25
91	87	84	5	50	
2	4	6	7	8	
2803	10	20
62	116
26
65	9	98	64	8	
1	3	5	7	8	
2811	6	12
5	88
27
49	20	55	90	61	
2	3	5	7	9	
2929	5	10
125	250
28
56	50	66	96	72	
2	4	6	7	8	
2936	6	12
257	189
29
99	98	65	60	34	
2	4	6	7	8	
2945	8	16
20	3
30
97	12	100	25	30	
2	3	5	7	8	
3246	6	12
198	185
31
81	88	63	64	4	
1	2	4	6	7	
3249	6	12
288	30
32
91	59	39	83	35	
2	3	4	6	8	
3353	6	12
46	130
33
24	34	92	51	87	
2	3	4	6	8	
3409	10	20
259	71
34
58	38	56	74	69	
1	2	4	5	6	
3545	8	16
37	94
35
73	71	52	25	1	
2	4	6	7	9	
3552	9	18
166	265
36
71	83	59	83	66	
2	4	6	8	9	
3564	9	18
136	100
37
92	83	27	8	75	
1	3	4	6	7	
3616	6	12
134	130
38
28	18	38	2	39	
2	3	5	7	9	
3733	10	20
298	171
39
32	2	38	40	37	
2	4	6	7	8	
3748	10	20
157	250
40
86	74	28	76	78	
1	2	3	4	6	
3884	10	20
168	269
41
31	62	59	50	43	
2	3	4	6	8	
3957	9	18
222	152
42
55	11	31	20	44	
2	4	5	6	8	
4017	5	10
6	129
43
28	46	31	63	86	
2	3	5	6	8	
4270	7	14
159	119
44
3	91	38	3	74	
1	2	4	6	7	
4471	7	14
43	297
45
75	82	77	66	64	
1	2	4	6	8	
4574	6	12
242	215
46
68	12	65	66	76	
2	3	4	6	7	
4627	8	16
177	118
47
55	6	9	100	80	
2	3	5	6	8	
4662	7	14
56	176
48
40	30	79	42	77	
1	3	5	7	8	
4971	7	14
8	108
49
40	98	45	84	79	
2	3	4	5	6	
5092	5	10
26	224
50
87	94	7	18	68	
1	2	4	6	7	
5153	7	14
128	73
51
28	27	32	95	9	
1	2	4	5	6	
5162	8	16
65	282
52
34	1	4	29	93	
2	4	6	7	8	
5200	10	20
279	94
53
10	53	17	38	25	
2	3	4	5	6	
5284	6	12
0	136
54
45	61	80	20	23	
1	2	4	5	7	
5373	9	18
266	77
55
29	16	57	79	95	
2	3	5	6	8	
5462	5	10
110	230
56
22	85	81	34	69	
1	2	3	4	6	
5613	7	14
21	72
57
29	5	28	5	58	
1	3	4	5	6	
5687	6	12
219	282
58
52	11	61	91	16	
2	4	5	6	7	
5826	7	14
75	95
59
81	67	28	63	4	
2	4	6	8	9	
5938	5	10
140	129
271	225
183	155