60	5	4000	17
0
48	34	22	82	86	
2	3	5	6	8	
5	7	14
150	229
1
63	56	13	40	64	
2	3	5	7	8	
163	5	10
267	286
2
12	76	77	64	58	
2	3	5	7	8	
242	6	12
192	208
3
88	81	8	48	71	
2	4	6	7	9	
268	7	14
255	132
4
19	58	94	25	31	
1	2	3	4	5	
361	7	14
240	48
5
96	51	86	18	41	
2	3	4	6	8	
396	7	14
56	87
6
67	12	58	7	10	
2	4	6	8	10	
421	10	20
294	213
7
15	94	60	60	57	
1	3	4	6	7	
496	7	14
273	271
8
30	80	12	31	10	
1	3	4	5	6	
506	8	16
137	297
9
52	54	10	71	98	
1	2	4	6	7	
571	9	18
291	174
10
57	2	40	46	38	
1	2	4	6	7	
617	7	14
203	91
11
3	68	42	63	27	
2	4	5	7	8	
842	9	18
226	166
12
80	71	56	8	56	
1	2	3	5	7	
852	5	10
88	200
13
87	91	36	42	7	
2	4	5	6	7	
1073	10	20
208	107
14
4	47	63	56	14	
2	3	4	6	7	
1191	10	20
151	231
15
49	57	74	65	91	
1	3	4	6	8	
1194	6	12
212	168
16
14	64	74	99	70	
2	4	5	6	8	
1235	5	10
176	19
17
65	50	76	58	14	
1	2	4	6	7	
1315	10	20
84	237
18
27	85	60	70	84	
1	2	4	5	7	
1412	8	16
161	166
19
13	88	94	54	60	
2	3	5	6	7	
1889	7	14
20	6
20
20	75	54	53	92	
2	3	5	7	9	
1899	10	20
208	18
21
9	32	92	45	48	
2	4	5	7	9	
1901	9	18
136	117
22
23	32	85	82	61	
1	2	4	6	8	
1941	5	10
87	162
23
73	54	22	93	81	
1	3	5	7	8	
1951	6	12
22	115
24
29	36	82	100	61	
1	3	4	6	7	
1968	8	16
294	110
25
76	80	73	20	41	
1	2	3	4	5	
2092	5	10
143	274
26
55	25	7	22	62	
2	4	6	8	10	
2143	5	10
249	240
27
7	56	57	5	81	
1	2	4	6	8	
2144	10	20
300	278
28
79	68	16	8	43	
2	3	5	6	8	
2171	7	14
294	177
29
93	95	38	28	17	
1	3	5	7	9	
2181	5	10
38	248
30
33	50	28	7	12	
2	3	4	6	8	
2189	9	18
91	140
31
62	23	19	41	26	
1	3	5	6	7	
2735	5	10
282	3
32
43	95	14	75	71	
1	2	4	5	7	
2758	6	12
269	187
33
29	38	25	10	85	
2	3	4	6	7	
2812	5	10
134	231
34
3	27	27	81	7	
1	2	4	6	8	
3070	5	10
236	58
35
10	61	59	86	42	
1	3	4	5	6	
3084	9	18
102	115
36
87	46	18	65	84	
1	2	3	5	6	
3347	9	18
189	270
37
37	19	62	12	82	
1	3	4	6	8	
3443	5	10
184	121
38
9	93	25	83	63	
2	3	5	6	7	
3467	8	16
146	287
39
2	58	46	72	77	
2	4	6	8	10	
3506	10	20
268	176
40
33	85	30	85	65	
2	3	5	7	8	
3634	7	14
263	191
41
43	53	62	31	90	
2	3	4	5	7	
3726	8	16
136	26
42
74	63	33	1	31	
2	4	6	8	9	
3900	6	12
186	280
43
78	71	52	50	5	
1	3	4	5	6	
4077	6	12
206	173
44
74	4	69	21	59	
2	4	5	7	9	
4234	8	16
4	137
45
8	16	28	5	54	
1	2	3	5	7	
4264	9	18
190	35
46
84	21	68	40	78	
1	3	5	6	7	
4367	6	12
122	298
47
50	56	31	90	64	
1	3	4	6	8	
4423	5	10
245	57
48
10	50	65	59	91	
1	2	3	5	7	
4427	6	12
36	42
49
45	85	28	30	49	
2	3	4	5	6	
4531	7	14
234	142
50
53	36	20	69	70	
1	2	4	5	7	
4557	6	12
18	140
51
57	90	93	88	23	
2	4	5	6	8	
4610	10	20
24	69
52
72	28	11	77	92	
1	2	4	6	7	
4644	10	20
74	124
53
86	66	58	50	40	
2	3	4	5	7	
4722	8	16
16	126
54
30	43	54	99	72	
2	3	4	6	8	
4917	5	10
229	211
55
20	95	18	82	39	
1	3	4	6	7	
5058	7	14
102	271
56
76	47	31	6	70	
1	2	3	5	6	
5162	7	14
234	245
57
94	58	28	16	60	
2	3	4	6	8	
5199	5	10
183	211
58
34	100	30	86	59	
2	4	6	7	9	
5354	10	20
204	185
59
33	13	36	74	36	
2	4	6	7	9	
5886	7	14
233	161
149	0
237	116