60	5	4000	14
0
7	33	97	80	57	
2	3	5	6	7	
3	9	18
105	148
1
96	77	53	52	8	
2	3	4	6	8	
214	5	10
78	247
2
53	75	52	23	2	
2	4	6	7	9	
322	9	18
139	291
3
100	100	72	64	100	
1	2	4	6	7	
332	5	10
115	276
4
85	56	13	72	72	
1	2	3	4	6	
357	8	16
192	11
5
1	34	78	25	37	
1	3	5	7	9	
506	5	10
14	238
6
80	67	14	29	1	
2	4	6	7	9	
510	6	12
106	32
7
28	74	84	51	85	
2	3	5	6	8	
704	10	20
281	151
8
41	62	54	8	89	
2	3	4	6	8	
852	8	16
100	281
9
7	96	59	10	65	
1	3	5	7	9	
852	8	16
121	204
10
40	71	94	86	77	
2	3	4	5	7	
888	5	10
128	72
11
96	79	1	29	67	
2	4	6	8	10	
976	10	20
25	244
12
76	94	71	4	55	
2	3	5	7	9	
988	6	12
43	62
13
50	20	42	29	3	
1	2	4	6	7	
1021	9	18
29	271
14
86	62	41	40	9	
2	3	5	6	7	
1084	10	20
182	261
15
73	99	26	24	39	
2	4	5	6	8	
1168	9	18
195	85
16
97	49	95	31	47	
2	4	6	8	10	
1394	8	16
215	183
17
46	87	69	59	58	
1	2	4	5	6	
1473	7	14
135	107
18
5	6	44	57	57	
2	4	5	7	8	
1594	9	18
76	134
19
62	49	34	70	52	
2	3	4	6	7	
1692	9	18
286	22
20
23	77	66	40	100	
2	4	5	7	8	
1731	9	18
297	106
21
23	54	39	55	78	
2	4	5	7	9	
1751	8	16
299	47
22
96	33	91	53	82	
1	2	3	4	6	
1923	10	20
39	196
23
36	3	50	37	9	
2	4	6	8	10	
1974	8	16
118	56
24
21	16	39	43	9	
1	2	4	6	7	
2117	6	12
233	135
25
91	96	100	98	54	
2	4	5	6	8	
2166	8	16
183	43
26
85	70	70	39	11	
1	2	4	6	8	
2292	5	10
217	62
27
53	67	51	46	39	
2	3	4	6	7	
2295	10	20
112	107
28
43	45	65	99	68	
1	3	5	6	7	
2353	6	12
49	115
29
67	73	32	79	77	
2	3	5	7	9	
2405	5	10
98	245
30
6	29	8	75	5	
1	2	4	5	7	
2462	9	18
59	188
31
39	76	9	76	23	
2	4	5	7	8	
2491	8	16
143	48
32
24	88	69	63	12	
1	2	3	4	6	
2492	5	10
186	229
33
17	36	59	49	39	
2	3	5	7	8	
2976	9	18
136	196
34
68	28	44	67	64	
1	2	3	4	6	
3100	7	14
243	145
35
96	63	89	31	25	
1	2	3	5	7	
3156	7	14
165	106
36
38	79	7	30	58	
2	3	4	6	8	
3676	6	12
119	211
37
50	46	7	37	63	
1	3	4	6	7	
3716	8	16
149	268
38
74	71	35	50	45	
2	4	6	8	10	
4141	6	12
113	89
39
56	95	33	15	74	
2	4	5	6	8	
4151	6	12
175	206
40
19	32	8	30	44	
1	2	4	5	6	
4237	8	16
102	8
41
82	27	42	47	65	
2	3	5	6	8	
4290	5	10
68	294
42
83	93	82	59	44	
1	2	4	6	8	
4297	7	14
39	15
43
20	17	5	2	3	
1	3	4	5	6	
4586	10	20
85	211
44
86	67	78	77	79	
2	4	6	7	8	
4629	7	14
80	293
45
88	75	23	72	48	
1	3	5	7	8	
4776	6	12
157	273
46
1	8	58	3	86	
1	2	4	5	6	
4816	10	20
21	112
47
45	97	34	21	8	
1	2	4	6	7	
4865	8	16
232	273
48
77	60	91	66	45	
1	3	5	7	9	
4946	5	10
202	213
49
90	9	84	39	91	
2	3	4	5	7	
4966	8	16
39	279
50
30	88	14	80	95	
1	2	3	5	7	
5122	8	16
268	42
51
67	14	26	85	28	
2	3	4	6	7	
5133	6	12
134	217
52
85	73	88	94	72	
1	2	3	4	5	
5320	10	20
256	175
53
48	91	45	72	88	
1	2	4	6	8	
5342	7	14
253	290
54
44	24	24	79	93	
2	3	4	5	6	
5364	8	16
271	155
55
7	32	34	47	15	
1	3	5	6	8	
5406	8	16
32	189
56
80	65	56	61	46	
1	3	5	6	7	
5535	8	16
5	176
57
19	57	75	30	90	
1	2	3	5	7	
5610	8	16
166	87
58
67	91	77	49	14	
2	3	5	7	8	
5820	5	10
233	208
59
1	77	52	90	69	
1	2	4	5	7	
5950	9	18
120	169
130	32
117	41