60	5	4000	3
0
63	26	76	5	37	
2	4	5	7	9	
47	9	18
25	173
1
75	52	24	57	54	
1	3	4	6	8	
136	7	14
35	45
2
21	20	47	99	87	
1	2	4	6	7	
318	9	18
39	262
3
79	88	6	88	80	
1	3	4	5	7	
380	6	12
265	107
4
30	44	90	6	15	
2	4	5	7	9	
508	5	10
103	150
5
77	53	76	47	59	
1	3	5	6	8	
572	9	18
42	70
6
69	39	57	24	63	
2	4	5	7	8	
821	7	14
107	45
7
65	52	26	65	75	
2	4	5	7	9	
890	10	20
118	257
8
9	59	1	56	88	
1	2	4	6	8	
920	8	16
273	6
9
8	23	16	33	98	
1	3	5	6	7	
1184	9	18
280	272
10
9	61	64	98	28	
1	3	4	6	8	
1188	10	20
91	224
11
87	91	46	62	45	
1	3	4	6	7	
1256	9	18
263	107
12
5	61	51	53	83	
2	3	4	5	7	
1268	7	14
242	60
13
27	50	16	63	98	
1	3	4	6	7	
1413	7	14
213	217
14
18	92	25	79	83	
1	2	3	5	6	
1425	7	14
243	61
15
31	3	11	98	36	
1	3	5	7	8	
1483	10	20
199	135
16
86	54	63	59	86	
1	2	3	5	6	
1632	8	16
124	73
17
5	1	76	74	95	
2	4	6	8	10	
1676	8	16
54	163
18
68	53	46	7	88	
1	3	5	7	8	
1762	10	20
59	67
19
32	68	23	13	26	
2	4	5	7	8	
1872	8	16
260	188
20
72	60	43	42	60	
2	4	5	7	8	
1892	8	16
85	242
21
17	80	7	26	5	
2	4	6	8	10	
1939	8	16
82	208
22
15	28	37	83	22	
1	2	4	6	8	
2008	6	12
276	121
23
7	88	74	32	38	
1	2	4	5	7	
2084	6	12
59	158
24
39	51	21	74	61	
1	3	5	7	9	
2103	10	20
141	300
25
92	56	25	13	13	
2	3	5	6	8	
2141	10	20
206	20
26
28	44	59	7	99	
2	3	5	6	7	
2266	8	16
232	168
27
40	95	44	62	85	
2	4	6	7	8	
2268	5	10
168	189
28
62	23	62	40	77	
1	2	3	5	7	
2339	6	12
203	191
29
94	27	30	73	8	
1	3	4	5	6	
2356	10	20
165	195
30
54	70	50	65	67	
2	3	5	6	8	
2395	6	12
53	246
31
35	83	22	56	21	
2	3	5	7	9	
2491	8	16
132	284
32
57	83	67	33	55	
1	3	4	6	7	
2870	7	14
205	275
33
34	95	8	53	11	
1	3	5	6	7	
2995	8	16
40	163
34
51	18	9	32	68	
2	3	5	7	9	
3299	7	14
240	82
35
40	67	23	95	70	
2	3	5	7	8	
3450	10	20
92	113
36
67	50	61	43	16	
1	2	4	5	6	
3584	5	10
14	21
37
78	98	85	19	81	
1	2	4	5	6	
3627	5	10
85	196
38
57	42	68	7	89	
2	4	5	7	9	
3701	10	20
187	234
39
17	82	43	35	47	
2	4	5	6	7	
3714	7	14
176	264
40
35	72	25	15	34	
1	2	4	5	7	
3788	5	10
81	121
41
60	4	25	76	57	
2	3	5	6	7	
4024	7	14
147	205
42
2	57	95	55	35	
1	3	4	6	8	
4249	10	20
142	115
43
61	54	71	92	57	
2	3	5	6	8	
4275	9	18
281	289
44
45	6	2	25	39	
2	4	6	8	10	
4279	6	12
261	147
45
73	88	98	13	31	
2	3	5	6	7	
4582	8	16
173	285
46
2	27	29	94	66	
2	4	5	6	8	
4703	6	12
107	140
47
18	14	36	100	48	
2	4	6	7	9	
4916	8	16
240	267
48
10	60	87	75	71	
1	2	3	5	7	
4941	10	20
282	70
49
19	88	3	30	12	
2	3	5	7	9	
4996	8	16
291	172
50
71	45	89	54	76	
1	2	3	4	5	
5004	9	18
188	7
51
37	1	32	17	9	
1	3	4	6	7	
5025	8	16
252	271
52
45	38	61	51	8	
2	4	6	7	8	
5067	10	20
146	47
53
53	100	31	19	99	
2	3	4	6	8	
5145	6	12
124	128
54
63	32	93	100	54	
2	3	4	5	7	
5228	8	16
111	171
55
10	23	72	54	44	
2	4	5	6	7	
5245	9	18
129	176
56
20	88	28	74	32	
2	3	5	7	8	
5279	7	14
65	62
57
4	75	7	99	53	
2	4	6	8	10	
5433	9	18
149	93
58
47	33	55	18	1	
1	3	5	7	8	
5533	5	10
86	134
59
5	32	67	92	66	
2	3	5	7	8	
5800	10	20
298	16
63	274
143	245