60	5	4000	10
0
68	26	22	77	63	
2	3	4	6	8	
91	6	12
283	260
1
100	93	7	25	38	
1	2	4	5	6	
488	7	14
140	157
2
96	35	48	40	87	
1	3	4	6	8	
602	6	12
98	23
3
47	30	80	81	7	
1	3	5	7	8	
793	10	20
83	236
4
49	54	28	28	75	
2	3	5	6	7	
804	10	20
156	143
5
13	23	49	16	74	
2	3	5	7	9	
831	5	10
252	185
6
59	16	54	14	60	
1	3	5	6	8	
1023	10	20
190	13
7
34	42	23	72	68	
1	2	4	5	7	
1083	6	12
199	119
8
22	5	8	90	45	
1	3	4	5	6	
1101	7	14
38	118
9
12	64	42	65	100	
1	3	5	6	7	
1138	10	20
249	123
10
44	95	17	78	74	
2	4	6	8	10	
1221	7	14
167	208
11
56	48	49	60	94	
2	4	5	6	7	
1248	7	14
115	276
12
25	60	12	68	99	
1	2	4	5	7	
1265	6	12
97	91
13
30	7	25	38	47	
2	4	5	6	8	
1338	5	10
185	208
14
44	73	47	35	41	
2	3	4	5	7	
1345	9	18
51	144
15
72	71	53	42	19	
2	4	5	7	8	
1419	6	12
147	42
16
99	15	36	53	59	
2	3	5	6	8	
1445	10	20
234	259
17
67	61	98	91	25	
2	4	6	8	10	
1454	9	18
232	136
18
96	29	34	51	76	
2	4	5	7	8	
1476	9	18
92	95
19
74	79	73	20	60	
1	2	4	5	7	
1523	10	20
3	159
20
20	74	89	27	32	
2	3	5	6	8	
1769	6	12
147	57
21
87	79	39	37	84	
1	3	4	6	7	
1975	7	14
61	206
22
20	59	20	1	8	
2	3	5	6	8	
2119	8	16
76	14
23
82	21	64	59	82	
1	3	4	5	7	
2189	8	16
261	283
24
74	85	69	28	93	
2	4	6	8	10	
2260	5	10
14	49
25
28	59	36	8	56	
2	3	4	6	7	
2300	8	16
120	247
26
47	86	71	53	43	
1	2	3	5	7	
2313	10	20
20	154
27
34	75	3	20	26	
1	2	3	5	7	
2646	8	16
48	20
28
91	47	63	100	39	
1	3	5	7	8	
2827	5	10
274	156
29
49	66	87	50	42	
1	3	5	6	7	
3066	7	14
156	251
30
53	24	66	89	20	
2	4	5	7	9	
3217	10	20
195	102
31
38	73	97	72	14	
2	4	5	7	8	
3224	6	12
206	214
32
12	77	75	93	2	
2	3	4	5	7	
3252	7	14
201	281
33
10	92	72	42	8	
2	3	5	6	7	
3561	6	12
47	220
34
43	29	78	1	9	
2	3	4	6	8	
3715	6	12
156	234
35
5	96	86	81	27	
1	2	3	5	7	
3812	7	14
16	275
36
65	80	75	96	100	
1	2	3	4	5	
3840	10	20
88	197
37
42	67	96	28	17	
2	4	5	7	9	
4091	10	20
129	175
38
85	8	16	81	97	
1	2	4	5	7	
4260	5	10
97	39
39
46	91	82	9	16	
2	3	5	7	9	
4272	5	10
297	242
40
25	72	19	76	94	
1	2	3	4	6	
4282	6	12
16	49
41
90	84	91	6	15	
1	3	5	7	9	
4352	10	20
158	254
42
89	62	57	47	71	
1	3	4	5	6	
4468	5	10
140	140
43
95	64	12	5	30	
2	4	5	6	7	
4497	9	18
159	274
44
58	91	64	3	50	
1	3	5	7	8	
4565	7	14
286	34
45
1	63	53	58	93	
2	3	4	6	8	
4663	9	18
28	37
46
1	69	38	60	15	
2	3	5	6	7	
4778	6	12
268	260
47
45	9	14	33	62	
2	3	5	6	7	
4819	7	14
221	197
48
11	11	1	38	60	
2	4	6	7	9	
4829	7	14
100	27
49
31	74	7	92	29	
1	3	4	5	6	
4986	6	12
65	265
50
49	5	39	39	57	
1	3	4	5	7	
5154	7	14
192	228
51
46	1	97	6	70	
2	3	5	6	7	
5168	9	18
289	24
52
43	55	67	11	36	
1	3	5	6	8	
5372	5	10
241	227
53
51	31	22	42	98	
2	3	4	6	8	
5373	7	14
79	160
54
29	40	46	84	57	
2	3	4	5	6	
5431	10	20
201	108
55
45	96	89	62	28	
2	3	4	6	7	
5582	6	12
176	280
56
46	20	51	14	12	
1	2	4	5	6	
5650	8	16
246	140
57
3	64	30	78	36	
1	2	3	5	7	
5806	8	16
221	102
58
7	75	89	15	52	
1	3	4	5	6	
5825	7	14
57	192
59
92	26	57	14	69	
2	3	4	5	6	
5953	10	20
79	151
78	213
51	228