60	5	4000	12
0
32	60	11	4	36	
2	4	6	7	9	
40	6	12
181	10
1
29	46	47	47	82	
1	2	3	4	5	
53	9	18
38	277
2
87	40	32	93	14	
2	4	6	7	8	
182	9	18
99	235
3
82	5	51	26	72	
2	3	4	6	8	
194	5	10
251	44
4
63	37	16	29	91	
2	4	6	8	10	
267	7	14
46	232
5
80	31	29	65	72	
1	3	5	6	8	
323	5	10
144	131
6
6	40	8	27	29	
1	3	4	5	7	
547	8	16
225	198
7
68	73	90	94	17	
1	3	5	7	8	
644	8	16
176	64
8
10	7	98	81	10	
1	3	4	6	8	
652	10	20
200	64
9
58	20	52	92	37	
2	4	5	7	9	
751	9	18
184	234
10
57	77	69	2	4	
2	4	5	6	7	
784	8	16
109	257
11
24	68	74	82	39	
1	3	4	6	7	
819	10	20
86	24
12
61	61	43	27	90	
2	4	5	6	7	
883	5	10
73	253
13
2	46	96	38	12	
1	3	5	6	7	
1148	8	16
225	33
14
71	30	21	29	83	
1	3	4	5	6	
1228	8	16
97	27
15
5	48	95	52	81	
1	2	4	6	7	
1324	9	18
111	269
16
58	86	31	57	1	
1	2	3	5	7	
1362	8	16
89	292
17
73	54	17	99	57	
1	2	3	5	7	
1372	8	16
217	154
18
2	6	34	76	60	
2	3	4	5	6	
1441	5	10
129	109
19
65	34	1	76	46	
1	2	3	4	5	
1485	7	14
133	184
20
67	32	70	42	65	
1	3	4	6	7	
1545	9	18
207	81
21
23	8	12	94	5	
1	2	4	5	7	
1613	7	14
1	7
22
27	28	52	12	42	
2	4	5	7	9	
1780	5	10
231	128
23
76	77	58	12	25	
1	3	4	6	8	
1852	8	16
146	78
24
64	36	40	25	89	
1	2	4	5	6	
1968	6	12
249	93
25
96	79	98	15	10	
1	3	5	6	8	
2315	9	18
191	221
26
53	65	21	95	32	
1	2	3	4	5	
2421	6	12
10	264
27
46	97	73	48	33	
2	3	4	5	7	
2525	7	14
68	141
28
73	4	46	31	32	
1	3	5	7	9	
2841	8	16
228	170
29
85	86	79	9	7	
1	3	4	6	7	
2922	6	12
99	107
30
79	37	33	34	32	
2	4	6	7	9	
2963	10	20
194	22
31
15	49	41	66	73	
1	3	4	5	6	
3000	7	14
47	287
32
48	16	60	49	75	
2	4	5	6	7	
3114	5	10
118	249
33
4	76	78	6	16	
1	2	3	4	5	
3205	5	10
175	296
34
55	29	53	93	65	
2	4	6	8	9	
3263	9	18
76	274
35
46	25	32	25	70	
1	3	4	6	8	
3488	9	18
102	111
36
87	35	49	93	89	
1	2	4	6	8	
3557	6	12
195	187
37
1	64	97	62	7	
1	3	5	7	8	
3664	7	14
165	68
38
73	21	80	57	17	
2	4	6	7	9	
3758	9	18
44	201
39
60	99	94	100	66	
2	4	5	7	8	
3768	6	12
293	118
40
46	53	68	8	89	
1	2	4	5	7	
3814	10	20
189	256
41
46	47	80	63	88	
2	3	5	7	9	
4171	7	14
203	113
42
95	98	79	37	43	
2	4	5	6	8	
4409	5	10
147	75
43
1	84	81	87	98	
1	2	3	4	5	
4434	9	18
175	119
44
83	9	7	76	68	
1	2	4	5	6	
4496	5	10
201	23
45
65	25	70	19	70	
2	3	4	5	7	
4508	7	14
255	18
46
31	92	43	66	12	
2	4	6	7	8	
4679	5	10
284	185
47
93	96	7	15	11	
1	3	4	5	6	
4896	10	20
226	58
48
20	80	8	69	50	
2	3	5	6	7	
4921	9	18
206	245
49
26	76	64	23	10	
2	4	5	6	8	
4999	6	12
235	280
50
88	57	2	88	64	
1	3	5	7	9	
5140	8	16
48	108
51
88	51	46	83	14	
1	2	3	5	7	
5168	8	16
20	47
52
46	10	9	8	37	
2	3	4	5	6	
5429	6	12
200	270
53
17	91	1	70	91	
2	3	4	6	8	
5467	10	20
31	229
54
69	41	73	60	30	
1	3	4	5	7	
5483	8	16
71	89
55
48	51	24	7	71	
1	3	5	7	9	
5618	6	12
142	64
56
53	55	7	11	3	
2	4	5	6	8	
5740	9	18
287	101
57
4	38	58	32	19	
1	3	4	6	7	
5819	10	20
257	272
58
83	18	70	55	81	
2	3	5	7	9	
5856	7	14
94	73
59
30	37	32	85	60	
2	3	5	6	7	
5952	7	14
176	164
198	136
94	224