60	5	4000	0
0
11	83	4	56	8	
1	2	4	6	7	
38	9	18
268	97
1
100	58	99	87	37	
1	2	3	5	7	
160	10	20
248	236
2
31	73	72	43	58	
2	4	5	6	7	
537	5	10
4	99
3
11	21	75	42	50	
1	3	5	7	9	
592	10	20
79	69
4
31	35	60	50	12	
2	4	6	8	9	
737	6	12
47	261
5
68	30	36	67	73	
2	4	6	8	10	
765	9	18
250	61
6
16	26	91	77	52	
2	3	5	6	7	
1030	5	10
176	88
7
43	81	30	95	43	
2	3	5	7	9	
1054	5	10
114	53
8
94	65	39	73	46	
2	3	5	7	8	
1477	6	12
209	298
9
69	2	38	30	89	
1	2	4	5	6	
1491	6	12
278	53
10
42	42	1	62	26	
2	3	4	5	7	
1503	6	12
31	190
11
83	97	48	63	88	
1	3	5	6	7	
1590	7	14
13	136
12
65	33	99	88	48	
2	4	5	7	8	
1924	7	14
134	105
13
33	7	51	50	64	
2	4	6	7	8	
1955	5	10
103	265
14
12	11	80	29	71	
1	3	4	6	7	
1981	10	20
55	0
15
78	41	24	17	14	
1	2	3	4	5	
2159	10	20
58	264
16
76	90	15	28	88	
2	3	5	7	9	
2340	6	12
80	18
17
23	5	22	81	2	
2	4	5	7	8	
2359	5	10
13	220
18
75	74	25	76	51	
1	2	3	4	5	
2430	7	14
73	218
19
22	55	17	43	61	
2	3	5	7	8	
2454	7	14
32	43
20
76	93	62	1	13	
2	3	4	6	7	
2597	8	16
172	91
21
89	68	79	45	62	
1	3	5	6	8	
2792	9	18
66	177
22
98	49	43	57	53	
2	4	5	6	8	
3007	10	20
44	152
23
94	97	40	92	52	
1	3	4	5	6	
3252	10	20
283	252
24
44	41	5	71	55	
1	3	4	5	6	
3303	5	10
112	66
25
91	16	79	83	71	
1	2	3	4	6	
3346	5	10
184	73
26
73	20	89	20	96	
2	4	6	8	10	
3471	9	18
11	190
27
45	94	65	1	78	
1	2	3	4	5	
3480	9	18
76	266
28
19	87	25	61	9	
2	4	5	6	8	
3538	8	16
166	204
29
34	60	40	76	6	
2	3	5	6	7	
3597	8	16
201	231
30
88	47	93	67	92	
2	3	4	6	7	
3597	10	20
8	222
31
93	73	7	71	25	
1	2	4	6	8	
3662	6	12
204	202
32
69	6	44	89	44	
2	3	4	5	7	
3811	10	20
256	190
33
85	44	58	87	24	
2	3	5	7	9	
3815	6	12
262	287
34
67	83	75	94	18	
1	2	3	5	6	
3887	6	12
14	111
35
99	6	75	36	95	
1	3	4	5	7	
3917	9	18
222	25
36
45	58	58	94	97	
2	3	4	6	7	
4122	5	10
276	69
37
26	69	91	39	30	
1	2	4	5	7	
4126	5	10
16	298
38
20	47	48	69	89	
1	2	4	5	6	
4158	5	10
109	185
39
92	30	92	3	9	
2	4	6	7	8	
4166	5	10
42	156
40
84	95	25	38	37	
2	4	6	7	8	
4236	6	12
200	202
41
64	9	74	58	40	
2	4	6	7	8	
4268	8	16
173	195
42
59	59	68	70	76	
2	4	6	8	10	
4433	7	14
288	11
43
20	45	61	93	76	
2	4	6	8	9	
4458	5	10
251	7
44
17	98	6	21	26	
2	3	5	6	8	
4593	9	18
77	118
45
64	2	20	31	17	
2	3	4	6	8	
4622	9	18
214	86
46
84	25	100	40	99	
1	3	4	5	6	
4958	9	18
98	160
47
72	33	36	84	54	
1	3	5	7	9	
5020	10	20
15	296
48
51	1	70	60	11	
2	3	5	7	9	
5147	9	18
97	58
49
66	85	53	89	58	
2	3	4	6	7	
5226	6	12
190	158
50
60	69	36	44	51	
1	2	4	6	8	
5234	9	18
18	168
51
29	35	45	81	5	
1	3	4	6	7	
5301	5	10
189	131
52
34	80	73	100	50	
2	3	4	6	7	
5352	7	14
171	24
53
61	43	100	50	81	
2	4	6	7	8	
5462	10	20
211	137
54
49	29	22	71	17	
1	3	5	6	8	
5462	7	14
50	258
55
10	2	87	35	24	
1	2	4	6	8	
5470	6	12
176	220
56
24	6	88	60	89	
1	3	5	7	9	
5658	8	16
155	241
57
91	88	98	10	78	
2	4	6	7	8	
5735	5	10
33	93
58
40	9	87	45	1	
2	3	5	7	8	
5902	8	16
67	204
59
20	29	87	95	68	
2	4	5	7	8	
5914	10	20
110	11
288	5
249	39