60	5	4000	1
0
48	70	12	34	83	
2	3	5	6	8	
54	10	20
116	279
1
90	83	67	32	39	
1	3	4	5	6	
399	5	10
274	200
2
88	17	53	35	65	
1	3	5	7	9	
489	9	18
125	33
3
52	61	32	27	90	
2	4	5	6	8	
623	6	12
204	248
4
7	67	58	6	76	
2	3	5	6	8	
802	10	20
245	226
5
95	95	66	22	13	
1	3	5	6	7	
856	7	14
48	210
6
26	99	99	58	48	
1	3	5	6	8	
881	10	20
85	296
7
93	69	5	28	11	
2	4	6	7	9	
951	5	10
192	7
8
27	59	93	26	90	
1	3	4	6	8	
1096	5	10
148	216
9
45	55	99	37	70	
2	4	6	7	8	
1155	10	20
38	185
10
57	79	22	7	38	
2	3	5	7	9	
1171	9	18
29	235
11
91	6	61	67	44	
1	3	4	5	6	
1223	10	20
124	221
12
58	73	21	10	52	
2	4	6	7	9	
1224	7	14
140	295
13
70	76	49	82	14	
1	2	4	6	8	
1388	6	12
244	189
14
35	59	1	91	28	
2	3	4	6	7	
1832	5	10
191	132
15
1	75	42	43	5	
1	3	4	6	8	
1874	7	14
42	144
16
38	45	13	41	41	
2	3	4	5	7	
2062	8	16
180	77
17
49	31	76	29	80	
2	4	5	6	8	
2154	8	16
254	96
18
33	99	26	20	84	
1	2	3	4	5	
2182	5	10
125	168
19
50	32	17	21	60	
1	3	4	5	7	
2222	9	18
5	135
20
69	5	94	90	8	
1	2	4	6	7	
2251	7	14
31	223
21
34	12	25	53	56	
2	4	6	8	9	
2265	6	12
251	100
22
61	44	42	76	84	
2	4	6	8	9	
2285	8	16
117	276
23
70	73	9	55	14	
2	4	5	6	7	
2309	7	14
77	299
24
82	15	42	92	22	
2	3	4	6	7	
2409	8	16
245	278
25
80	92	10	8	1	
1	3	5	7	9	
2556	10	20
229	199
26
2	42	61	53	28	
1	3	4	5	6	
2704	10	20
153	34
27
97	42	92	19	61	
1	2	4	5	6	
2746	9	18
279	250
28
99	53	84	88	4	
2	3	4	5	6	
2799	6	12
6	117
29
5	56	76	65	46	
1	2	3	5	7	
2993	9	18
272	30
30
96	39	21	33	91	
1	2	3	4	6	
3108	9	18
65	82
31
73	77	72	20	85	
1	3	5	7	9	
3229	6	12
117	220
32
92	68	15	100	28	
2	4	6	7	8	
3242	6	12
185	141
33
99	67	64	72	10	
1	3	4	6	8	
3259	6	12
184	202
34
96	16	52	96	14	
2	3	4	5	6	
3272	6	12
233	192
35
68	23	10	92	36	
1	3	5	6	8	
3279	5	10
60	282
36
70	78	25	28	72	
1	3	5	6	8	
3431	8	16
250	223
37
23	23	42	51	53	
2	4	5	6	8	
3758	8	16
267	278
38
44	16	56	35	12	
1	2	3	5	6	
4141	7	14
218	105
39
67	13	43	35	76	
1	2	4	6	7	
4265	10	20
221	55
40
37	97	15	65	11	
1	2	4	5	7	
4304	6	12
13	249
41
76	67	68	68	22	
1	2	3	4	5	
4356	7	14
289	176
42
99	77	4	16	93	
2	4	6	8	10	
4373	9	18
282	285
43
70	86	21	29	72	
1	2	3	4	6	
4381	5	10
247	164
44
80	30	42	45	8	
1	2	4	5	6	
4467	9	18
47	226
45
66	87	29	9	63	
1	3	5	6	8	
4661	7	14
21	145
46
89	79	28	19	54	
2	3	5	7	9	
4776	7	14
169	3
47
94	28	36	48	2	
2	4	5	6	7	
4811	7	14
53	255
48
28	64	16	48	95	
2	3	4	6	8	
4852	5	10
218	229
49
84	34	76	62	1	
2	4	6	8	10	
4867	6	12
86	154
50
27	86	3	74	62	
2	4	6	7	8	
5120	9	18
179	237
51
58	72	10	31	61	
2	4	5	7	9	
5151	7	14
51	110
52
10	1	82	45	68	
1	3	4	6	8	
5204	8	16
238	175
53
4	14	29	14	78	
1	2	4	5	7	
5246	9	18
17	274
54
71	89	58	90	11	
1	3	4	6	8	
5403	9	18
54	138
55
48	27	75	57	81	
2	3	4	5	6	
5497	9	18
225	198
56
28	4	63	97	82	
2	3	4	6	8	
5605	5	10
285	200
57
93	57	34	82	31	
2	3	4	6	7	
5640	9	18
299	156
58
75	2	52	25	11	
2	3	5	7	9	
5796	7	14
37	273
59
61	86	52	75	2	
2	4	6	8	9	
5908	5	10
163	251
15	250
261	273