60	5	4000	9
0
32	66	75	98	87	
1	2	4	5	6	
49	5	10
133	116
1
55	79	58	69	76	
1	3	4	6	7	
261	10	20
120	32
2
58	71	41	22	38	
2	4	5	6	8	
428	8	16
130	252
3
89	95	80	18	33	
1	3	5	6	7	
529	5	10
60	140
4
52	57	99	14	52	
1	3	4	5	7	
665	8	16
69	36
5
21	14	50	64	66	
2	3	4	5	6	
683	10	20
284	137
6
12	9	3	74	35	
2	3	4	5	7	
693	10	20
236	280
7
24	31	84	63	68	
2	3	4	6	8	
712	9	18
154	181
8
85	18	22	42	60	
2	3	5	6	7	
870	5	10
61	146
9
37	53	5	68	60	
2	3	5	7	8	
895	6	12
160	235
10
88	12	94	7	58	
1	3	5	6	8	
1012	8	16
22	11
11
40	78	15	14	93	
2	3	4	5	6	
1027	7	14
268	137
12
14	1	18	48	71	
2	4	6	7	9	
1032	8	16
81	105
13
29	59	5	51	67	
2	3	4	6	7	
1036	9	18
173	1
14
39	19	86	73	21	
2	4	5	6	8	
1309	6	12
220	141
15
28	20	19	87	96	
1	2	4	5	7	
1324	5	10
168	162
16
97	91	20	71	42	
1	2	4	5	6	
1494	6	12
269	206
17
72	74	79	29	9	
1	3	4	5	7	
1642	5	10
91	138
18
41	43	53	57	36	
1	3	4	6	8	
1712	9	18
171	54
19
32	66	74	54	62	
2	4	5	7	9	
1770	5	10
178	275
20
16	72	79	22	3	
2	4	5	6	7	
1787	8	16
152	113
21
24	85	86	52	84	
1	3	4	5	6	
1879	6	12
286	152
22
31	55	52	98	2	
2	4	6	7	8	
1980	6	12
282	162
23
14	32	3	9	62	
1	2	3	4	5	
2023	6	12
207	300
24
65	74	83	38	36	
2	4	5	6	8	
2116	7	14
296	187
25
10	39	21	51	34	
2	3	5	6	8	
2201	10	20
249	3
26
18	98	4	25	17	
1	3	4	6	7	
2212	5	10
103	93
27
31	2	80	45	78	
2	4	5	7	8	
2299	9	18
241	295
28
48	92	3	22	14	
2	4	6	7	8	
2554	9	18
122	66
29
67	4	39	19	48	
2	4	5	6	8	
2606	5	10
124	219
30
64	89	3	99	60	
1	3	4	5	6	
2634	9	18
222	95
31
40	73	95	13	52	
1	3	4	6	7	
2804	8	16
139	271
32
10	59	64	99	85	
2	3	5	6	8	
2815	6	12
179	163
33
82	50	40	15	74	
2	3	5	6	8	
3123	6	12
177	131
34
57	46	47	39	2	
1	2	4	6	7	
3213	9	18
91	169
35
15	34	49	51	45	
2	3	4	5	6	
3446	9	18
170	291
36
7	46	35	57	76	
2	4	6	8	10	
3532	6	12
103	37
37
39	66	52	80	56	
2	3	4	6	7	
3587	7	14
116	237
38
47	23	9	70	77	
2	3	5	6	7	
3658	10	20
101	258
39
54	82	34	49	65	
1	3	4	6	8	
3785	9	18
103	240
40
82	85	12	43	94	
1	3	4	5	6	
4069	9	18
123	113
41
89	31	100	48	56	
1	3	5	7	8	
4154	9	18
57	33
42
90	44	9	86	89	
1	2	4	6	8	
4210	9	18
82	152
43
22	61	93	76	80	
1	3	5	7	8	
4480	10	20
130	261
44
91	94	39	1	87	
2	4	5	6	7	
4547	9	18
35	23
45
64	85	28	29	90	
2	4	6	8	9	
4638	10	20
202	204
46
56	21	94	59	93	
2	3	4	5	7	
4679	7	14
113	296
47
59	93	82	71	19	
1	2	4	5	7	
4723	6	12
83	219
48
82	15	93	79	7	
2	4	6	8	9	
4863	5	10
53	257
49
28	87	37	30	77	
2	3	5	7	9	
4872	6	12
221	234
50
38	22	79	71	81	
1	3	4	5	6	
4917	10	20
217	42
51
39	13	75	73	76	
2	4	5	7	9	
4987	8	16
100	201
52
60	56	53	85	34	
1	2	4	5	7	
5041	7	14
83	119
53
53	33	4	29	93	
2	3	5	7	8	
5090	5	10
157	182
54
33	28	80	92	75	
1	3	4	5	6	
5120	8	16
104	56
55
97	20	7	16	47	
1	3	5	6	8	
5302	7	14
32	248
56
16	27	82	94	14	
2	3	4	5	7	
5361	7	14
187	246
57
44	30	70	79	22	
2	4	5	6	8	
5705	5	10
144	154
58
99	6	9	76	38	
1	3	5	6	8	
5882	9	18
235	293
59
15	9	34	91	61	
2	4	6	8	10	
5900	8	16
65	94
236	136
234	185