60	5	4000	15
0
38	23	67	77	57	
1	3	5	7	8	
62	8	16
161	246
1
49	32	48	21	69	
1	3	5	6	7	
141	6	12
149	246
2
69	77	70	90	51	
1	3	5	6	7	
175	10	20
229	21
3
38	72	45	34	19	
2	3	4	6	8	
262	8	16
228	267
4
11	61	7	78	14	
2	4	6	7	8	
320	7	14
176	282
5
6	92	78	21	60	
1	3	5	6	8	
322	10	20
239	197
6
70	81	98	64	59	
1	2	4	5	7	
465	5	10
79	284
7
66	32	71	58	94	
1	2	3	4	6	
634	8	16
19	237
8
12	65	35	87	82	
2	3	5	6	7	
665	9	18
138	83
9
34	5	18	16	26	
2	4	5	6	8	
690	8	16
72	172
10
48	75	83	48	55	
1	3	4	5	6	
780	8	16
147	294
11
84	91	71	80	31	
1	2	3	5	6	
1030	7	14
244	40
12
95	2	40	64	67	
1	2	4	5	6	
1344	8	16
284	253
13
50	39	18	4	50	
1	3	4	5	6	
1444	7	14
298	280
14
90	11	85	98	98	
1	2	3	5	7	
1582	7	14
235	71
15
57	38	65	75	70	
1	3	4	6	7	
1703	8	16
252	231
16
31	13	30	14	79	
2	4	6	8	9	
1809	9	18
174	63
17
98	95	28	43	61	
2	4	5	7	8	
2202	10	20
86	170
18
56	64	27	31	83	
1	3	5	7	8	
2339	8	16
243	267
19
70	94	4	84	90	
2	4	6	8	10	
2394	8	16
221	9
20
3	85	41	89	7	
2	4	6	7	8	
2453	5	10
42	42
21
82	81	42	63	59	
1	2	4	5	6	
2494	7	14
210	264
22
73	10	41	76	93	
2	4	6	8	10	
2513	7	14
88	100
23
5	59	55	15	37	
1	2	4	6	8	
2540	5	10
91	194
24
59	42	29	74	31	
1	2	3	5	6	
2710	10	20
128	25
25
36	38	54	72	47	
2	4	5	6	8	
2719	6	12
124	260
26
58	18	85	29	33	
1	3	5	6	8	
2733	9	18
140	90
27
24	41	8	11	39	
1	2	4	5	7	
2735	6	12
19	32
28
80	20	22	7	85	
2	4	6	7	9	
2834	5	10
216	56
29
20	97	67	31	80	
2	4	6	7	8	
2848	6	12
19	296
30
79	49	48	73	34	
1	3	5	7	8	
2897	8	16
297	59
31
4	96	32	1	7	
2	3	5	7	9	
2920	8	16
227	102
32
75	35	84	58	64	
2	4	6	7	9	
3003	10	20
12	241
33
70	58	35	61	14	
1	3	4	5	7	
3012	9	18
170	276
34
54	29	31	61	42	
2	4	5	6	7	
3090	6	12
78	62
35
77	86	83	79	43	
2	3	5	7	8	
3383	5	10
20	72
36
20	17	36	13	35	
2	3	4	5	7	
3521	5	10
271	283
37
41	47	93	91	5	
1	3	4	6	7	
3636	6	12
198	46
38
5	57	35	72	48	
1	3	5	6	8	
3775	9	18
6	99
39
16	48	72	19	17	
1	2	4	6	8	
3803	10	20
146	247
40
72	84	20	89	85	
1	2	4	5	6	
3971	5	10
71	209
41
26	49	4	1	95	
1	2	4	6	7	
4185	10	20
33	43
42
59	93	60	59	30	
2	3	5	6	8	
4215	6	12
61	35
43
83	14	36	17	54	
1	2	4	5	7	
4417	6	12
109	142
44
91	52	83	31	8	
2	4	5	7	8	
4442	7	14
124	276
45
73	22	56	74	97	
2	4	6	8	9	
4442	6	12
87	251
46
15	34	47	16	83	
2	3	5	6	7	
4481	8	16
1	253
47
30	28	21	8	91	
1	2	4	6	8	
4525	9	18
82	283
48
71	6	82	26	55	
1	3	4	5	7	
4614	6	12
47	64
49
99	24	9	53	71	
1	3	4	6	7	
4637	9	18
71	80
50
53	7	43	37	64	
2	4	5	7	9	
5162	7	14
243	110
51
50	85	9	26	5	
2	3	5	6	7	
5198	6	12
137	294
52
39	77	60	4	82	
1	2	3	4	6	
5203	10	20
218	207
53
2	77	25	71	70	
2	3	4	5	7	
5256	7	14
180	224
54
10	20	50	56	12	
1	3	5	7	8	
5301	10	20
0	217
55
25	93	59	77	57	
1	2	3	4	6	
5430	5	10
115	259
56
93	28	55	21	86	
2	4	6	7	9	
5478	10	20
155	176
57
5	100	8	98	1	
1	3	5	6	8	
5836	9	18
151	51
58
93	18	59	7	17	
1	3	5	7	8	
5876	6	12
76	116
59
58	10	71	32	57	
2	3	4	6	7	
5996	10	20
176	291
147	206
181	300