60	5	4000	13
0
7	86	61	41	79	
1	3	5	6	8	
4	5	10
290	205
1
63	57	10	37	57	
1	3	4	6	8	
74	7	14
122	263
2
8	21	97	51	96	
2	4	5	6	8	
169	5	10
40	68
3
6	95	62	24	76	
1	2	4	5	6	
184	7	14
53	132
4
33	57	63	34	69	
1	3	4	5	6	
201	10	20
144	134
5
51	25	42	24	39	
2	3	4	6	8	
355	6	12
75	140
6
51	70	33	68	81	
1	2	3	5	7	
466	10	20
194	180
7
6	93	30	70	12	
1	3	4	5	6	
524	6	12
120	240
8
56	17	81	91	54	
1	3	4	5	7	
530	9	18
206	183
9
83	3	76	45	11	
1	3	5	6	7	
706	6	12
39	215
10
78	11	35	42	71	
1	2	3	5	6	
836	5	10
130	140
11
36	93	25	84	63	
2	4	5	6	7	
960	5	10
25	182
12
54	94	56	36	83	
2	4	6	7	8	
972	8	16
284	102
13
68	69	16	8	90	
2	3	4	5	6	
1117	10	20
202	271
14
91	10	39	22	52	
2	3	4	5	6	
1216	7	14
260	177
15
81	99	12	6	91	
2	3	5	7	8	
1220	9	18
102	63
16
95	36	27	46	44	
2	3	5	6	8	
1299	10	20
166	248
17
17	33	86	41	92	
2	4	6	8	9	
1310	10	20
59	280
18
54	59	55	39	43	
2	4	6	7	9	
1371	5	10
172	81
19
59	34	48	62	78	
2	3	4	6	8	
1434	6	12
256	181
20
99	26	78	60	59	
1	2	3	5	6	
1651	6	12
33	48
21
68	79	40	50	91	
1	2	4	6	7	
2030	8	16
83	141
22
54	39	97	26	45	
1	3	5	7	8	
2323	10	20
3	6
23
17	95	51	34	62	
1	3	5	6	7	
2341	9	18
198	25
24
36	13	34	2	13	
2	3	5	7	9	
2344	6	12
75	36
25
99	49	3	2	27	
2	3	4	6	8	
2583	7	14
163	7
26
6	70	9	66	45	
1	3	5	6	7	
2723	7	14
17	19
27
79	31	24	60	18	
1	3	4	5	7	
2798	5	10
53	89
28
63	40	65	39	32	
1	3	4	6	8	
3063	7	14
273	169
29
43	13	30	23	48	
2	3	4	6	8	
3170	5	10
290	259
30
19	44	93	95	66	
2	4	6	8	10	
3173	6	12
295	292
31
68	38	27	19	39	
2	4	6	7	9	
3214	7	14
266	118
32
52	86	78	64	89	
2	3	5	6	8	
3297	6	12
160	122
33
6	94	79	39	6	
1	3	4	5	6	
3334	5	10
72	44
34
66	41	1	11	10	
1	2	4	6	8	
3351	6	12
69	106
35
50	23	1	81	87	
1	2	4	6	8	
3406	7	14
249	179
36
87	5	24	53	45	
2	4	5	6	7	
3407	9	18
42	47
37
62	10	87	67	6	
1	2	4	6	7	
3467	5	10
27	127
38
22	12	19	59	20	
1	2	3	5	6	
3474	7	14
89	238
39
12	49	100	11	98	
2	4	5	6	7	
3502	9	18
256	55
40
20	85	38	55	55	
2	4	6	8	10	
3720	7	14
84	34
41
74	97	52	83	74	
2	4	6	8	10	
3832	9	18
299	17
42
28	38	96	53	71	
1	3	5	7	8	
3880	9	18
187	223
43
15	78	86	65	54	
1	2	3	4	6	
3988	8	16
217	8
44
52	51	5	5	13	
1	2	3	4	5	
4055	9	18
102	191
45
94	7	45	22	92	
1	2	3	4	6	
4205	9	18
141	274
46
64	42	21	9	50	
2	4	5	7	9	
4294	10	20
45	129
47
67	52	27	99	94	
1	3	5	7	9	
4357	5	10
36	206
48
84	24	37	70	71	
2	4	5	6	8	
4411	7	14
22	108
49
28	11	74	7	93	
2	4	5	6	8	
4522	10	20
65	299
50
93	16	68	23	68	
2	4	5	6	8	
4959	9	18
220	79
51
89	54	9	98	90	
1	3	4	6	8	
4988	9	18
64	250
52
92	16	93	47	60	
1	3	5	7	9	
5222	6	12
237	191
53
5	80	97	96	10	
2	3	4	6	8	
5349	9	18
172	142
54
33	94	36	7	13	
2	3	5	7	9	
5441	5	10
119	2
55
5	28	47	84	77	
2	4	6	8	10	
5563	7	14
227	194
56
88	81	64	66	2	
2	4	6	8	9	
5651	6	12
97	128
57
70	26	42	51	94	
1	3	4	6	7	
5657	7	14
27	282
58
50	47	57	10	19	
1	3	5	6	7	
5830	9	18
51	297
59
6	87	95	11	97	
1	2	4	5	7	
5929	9	18
204	258
126	2
66	234