60	5	4000	2
0
99	59	91	30	13	
1	2	3	5	7	
69	7	14
263	207
1
7	58	4	40	45	
2	4	6	8	10	
106	7	14
130	17
2
16	13	84	4	59	
2	3	5	6	8	
152	7	14
43	11
3
38	33	95	77	96	
2	3	5	6	7	
275	9	18
185	162
4
65	32	91	55	8	
2	3	5	6	7	
280	5	10
213	191
5
51	91	73	15	71	
2	3	4	5	6	
394	6	12
215	194
6
18	91	73	46	23	
1	3	5	7	8	
503	6	12
126	232
7
93	83	37	96	33	
2	3	5	7	8	
541	9	18
145	80
8
63	50	35	80	100	
1	2	4	5	7	
592	7	14
241	270
9
53	5	44	31	32	
1	3	4	5	7	
621	10	20
211	50
10
57	70	74	26	32	
1	2	4	6	8	
635	9	18
0	230
11
29	17	22	77	34	
2	4	6	7	8	
712	5	10
171	210
12
41	80	60	18	81	
1	2	4	6	7	
850	8	16
23	282
13
100	32	7	82	85	
2	3	5	6	8	
907	7	14
136	161
14
34	56	49	80	20	
1	3	4	6	8	
917	8	16
177	245
15
70	48	81	13	16	
2	3	4	6	8	
946	6	12
228	124
16
8	56	38	94	49	
1	2	4	6	7	
995	6	12
196	79
17
41	26	89	44	24	
2	3	5	6	8	
1067	6	12
26	66
18
63	59	41	83	53	
1	3	4	5	6	
1172	7	14
25	94
19
88	25	7	70	9	
2	3	4	5	6	
1328	8	16
270	266
20
86	82	2	48	96	
2	4	6	8	10	
1330	9	18
86	197
21
54	26	12	44	53	
1	2	3	4	5	
1368	6	12
113	15
22
26	36	77	63	15	
1	2	3	5	6	
1390	5	10
243	167
23
86	26	84	50	81	
2	4	6	7	9	
1392	6	12
51	20
24
47	22	36	88	94	
1	3	5	7	8	
1691	5	10
71	22
25
44	98	67	71	90	
2	3	5	6	8	
1950	7	14
191	196
26
67	69	61	65	60	
2	4	6	8	9	
2141	9	18
244	75
27
76	1	73	33	38	
2	3	5	7	9	
2493	7	14
239	299
28
89	57	30	77	2	
2	3	4	6	7	
2668	5	10
232	69
29
20	83	53	24	92	
2	3	4	6	7	
2731	9	18
6	44
30
97	76	66	42	22	
1	3	4	6	8	
3017	5	10
69	212
31
53	34	67	29	33	
2	3	4	5	6	
3162	9	18
262	61
32
23	55	78	33	19	
2	3	4	5	7	
3170	10	20
62	151
33
25	31	96	70	71	
1	3	5	7	9	
3256	7	14
16	101
34
30	24	79	79	45	
2	4	5	6	7	
3494	10	20
237	272
35
37	75	79	81	18	
2	3	5	7	9	
3798	10	20
6	136
36
88	77	62	94	20	
1	2	3	4	5	
3807	9	18
229	184
37
94	30	27	17	88	
2	4	5	6	8	
3831	9	18
41	255
38
58	23	80	81	32	
2	4	5	7	8	
3958	7	14
129	291
39
15	47	39	49	39	
2	4	5	7	9	
3983	5	10
77	288
40
91	1	72	68	63	
2	3	5	7	9	
4018	10	20
292	273
41
98	87	11	22	90	
2	3	5	7	8	
4056	6	12
54	62
42
99	6	53	23	8	
2	3	5	6	8	
4134	6	12
130	177
43
42	41	79	43	38	
2	4	6	7	8	
4349	7	14
212	147
44
39	1	100	87	53	
2	3	4	6	8	
4383	7	14
222	147
45
46	73	67	81	24	
2	3	4	6	8	
4403	8	16
273	174
46
80	68	94	67	13	
2	4	6	7	9	
4420	10	20
55	50
47
43	66	65	82	74	
2	3	4	6	8	
4485	9	18
216	89
48
4	39	68	85	77	
1	2	4	5	6	
4511	10	20
272	135
49
2	65	13	80	28	
1	2	3	5	7	
4644	5	10
159	225
50
63	78	62	23	17	
1	2	4	5	7	
4771	5	10
201	258
51
59	91	27	97	52	
2	4	6	7	9	
4799	5	10
192	118
52
24	87	76	19	74	
2	4	5	7	8	
5142	9	18
235	95
53
33	94	84	17	70	
1	2	3	4	5	
5353	7	14
286	184
54
30	51	26	32	40	
1	2	4	6	7	
5356	6	12
123	52
55
13	46	96	77	27	
1	2	3	5	6	
5372	8	16
135	251
56
61	53	99	14	68	
2	3	4	5	7	
5388	9	18
191	216
57
96	47	57	74	10	
2	4	5	6	8	
5613	6	12
226	62
58
2	23	16	21	15	
1	2	3	5	7	
5638	7	14
157	171
59
2	1	87	13	87	
2	3	4	5	6	
5793	8	16
27	90
177	293
66	67