60	5	4000	8
0
55	95	94	37	2	
2	4	6	8	9	
135	5	10
100	126
1
78	85	15	3	15	
1	3	5	7	8	
164	8	16
40	77
2
82	15	98	86	85	
1	3	5	7	8	
433	7	14
275	29
3
5	10	68	14	53	
2	4	6	8	10	
517	8	16
290	110
4
19	96	49	55	7	
1	2	3	5	6	
706	8	16
141	213
5
99	56	45	30	35	
1	2	4	6	7	
724	7	14
4	47
6
24	26	37	60	28	
1	3	5	6	8	
724	10	20
173	247
7
88	1	89	54	31	
2	4	5	7	9	
755	5	10
1	160
8
48	51	65	28	31	
2	4	6	7	9	
914	8	16
267	36
9
90	40	88	70	98	
2	4	6	7	8	
970	7	14
249	0
10
90	85	8	40	11	
2	3	4	6	8	
1031	6	12
94	199
11
20	46	95	13	31	
2	4	5	7	9	
1032	10	20
6	219
12
54	25	47	29	12	
1	3	4	6	8	
1130	10	20
157	248
13
99	2	61	50	46	
2	3	4	6	7	
1321	9	18
60	189
14
64	99	89	28	60	
1	2	3	5	7	
1327	10	20
23	291
15
95	96	57	24	50	
1	2	4	6	8	
1444	9	18
222	285
16
52	77	70	87	96	
2	3	4	6	8	
1484	9	18
208	56
17
83	79	77	22	80	
1	2	3	5	7	
1494	6	12
229	41
18
39	24	24	25	19	
2	3	4	6	7	
1731	7	14
161	158
19
82	51	68	3	98	
2	3	5	6	7	
1766	5	10
99	116
20
55	74	12	97	33	
1	2	4	6	7	
1862	9	18
286	157
21
98	27	40	84	78	
1	3	4	5	7	
2091	6	12
65	166
22
10	90	68	80	75	
1	3	4	5	6	
2401	5	10
250	8
23
11	3	68	61	21	
2	3	5	7	9	
2644	5	10
148	275
24
9	58	25	20	79	
2	4	5	6	8	
2648	9	18
123	1
25
13	45	24	98	38	
2	3	4	6	7	
2650	9	18
176	172
26
79	94	56	58	84	
1	2	3	5	7	
2656	8	16
213	71
27
58	59	8	79	8	
2	3	5	6	8	
2749	6	12
169	116
28
99	58	39	90	73	
2	3	4	5	6	
2767	6	12
200	286
29
5	58	7	97	34	
2	3	5	7	9	
2822	8	16
200	149
30
74	57	95	14	56	
2	3	5	6	7	
2824	8	16
32	93
31
4	42	35	28	47	
2	3	4	5	6	
2858	9	18
174	136
32
36	6	82	99	43	
2	3	4	5	6	
2907	10	20
207	98
33
79	88	79	64	42	
1	3	4	5	6	
3375	10	20
221	215
34
74	32	17	10	48	
1	3	5	6	8	
3442	5	10
99	104
35
9	39	41	48	53	
1	2	3	5	6	
3544	10	20
261	104
36
43	55	78	57	91	
1	2	3	5	7	
3557	9	18
186	207
37
45	22	72	26	51	
2	4	5	7	8	
3800	7	14
296	51
38
14	100	67	19	43	
1	3	4	6	8	
4153	8	16
219	225
39
71	62	20	37	60	
2	4	5	7	8	
4338	7	14
109	2
40
89	29	49	32	52	
1	2	3	4	6	
4467	9	18
68	253
41
14	4	36	95	65	
1	3	4	5	6	
4491	5	10
152	159
42
36	99	46	35	44	
1	2	3	4	5	
4702	9	18
252	185
43
69	37	49	5	85	
2	4	6	8	9	
4710	9	18
120	76
44
20	8	26	71	40	
2	4	6	8	9	
4735	8	16
242	171
45
16	7	74	44	2	
2	4	6	8	10	
4845	8	16
81	84
46
83	32	44	17	36	
2	3	5	6	8	
4884	8	16
105	219
47
72	97	91	6	51	
1	2	3	5	6	
4942	8	16
264	136
48
67	69	31	7	59	
1	3	5	7	8	
5008	8	16
43	181
49
47	6	26	69	38	
2	4	5	7	9	
5120	5	10
261	178
50
2	26	77	85	53	
1	2	3	5	7	
5220	9	18
19	111
51
90	21	41	25	32	
2	4	6	8	9	
5224	5	10
208	100
52
78	64	33	45	61	
1	2	4	6	7	
5243	6	12
218	63
53
20	54	95	73	100	
2	3	5	7	8	
5279	6	12
288	258
54
15	83	89	51	32	
2	3	5	7	9	
5507	5	10
209	244
55
87	51	26	46	66	
1	3	4	5	7	
5605	10	20
2	118
56
8	63	83	53	22	
2	4	6	7	8	
5691	5	10
93	53
57
49	42	29	72	32	
2	3	4	5	6	
5904	7	14
209	175
58
68	29	28	63	44	
2	3	5	7	8	
5916	7	14
207	263
59
30	84	16	87	58	
1	3	4	5	6	
5978	9	18
215	184
242	107
156	171