60	5	4000	19
0
66	27	72	34	27	
1	3	4	6	8	
19	8	16
280	192
1
5	97	6	57	73	
2	4	6	7	9	
127	7	14
113	283
2
92	89	33	37	24	
2	3	5	7	9	
221	6	12
17	70
3
47	35	57	81	91	
1	2	3	5	7	
306	6	12
210	179
4
54	35	5	30	4	
1	2	4	5	7	
383	5	10
82	213
5
12	37	94	84	55	
1	3	5	7	8	
534	6	12
295	254
6
38	50	1	25	69	
1	3	5	7	9	
598	10	20
94	241
7
50	61	20	9	78	
2	3	4	5	7	
670	7	14
43	35
8
16	59	16	40	1	
1	3	5	7	9	
740	6	12
99	110
9
35	9	47	12	9	
1	2	3	5	6	
814	6	12
152	127
10
64	13	78	57	56	
1	3	5	6	8	
925	5	10
3	25
11
67	83	5	59	29	
2	4	5	7	8	
1145	5	10
18	118
12
84	21	99	15	92	
1	2	4	5	6	
1395	5	10
293	205
13
50	82	49	74	29	
1	3	5	6	7	
1430	9	18
93	229
14
42	15	43	50	74	
1	3	5	6	7	
1541	7	14
180	263
15
68	21	22	4	70	
2	4	6	7	9	
1548	9	18
42	152
16
50	48	86	17	13	
2	3	5	7	8	
1739	5	10
277	297
17
67	92	9	83	44	
2	3	4	6	8	
1805	9	18
83	132
18
7	82	18	26	17	
2	3	4	6	8	
1882	9	18
254	238
19
23	15	72	48	32	
2	4	5	6	7	
1930	8	16
140	194
20
88	12	69	6	30	
2	3	4	5	6	
1943	6	12
156	111
21
26	23	44	92	48	
2	3	5	6	7	
2037	10	20
169	99
22
2	71	23	68	57	
1	3	5	7	9	
2114	9	18
292	206
23
10	55	74	86	64	
1	2	3	5	7	
2226	7	14
245	32
24
74	58	96	92	68	
1	2	3	5	7	
2230	6	12
142	270
25
76	8	35	33	79	
2	4	6	7	8	
2236	8	16
273	59
26
42	71	36	57	19	
2	4	5	7	8	
2237	7	14
176	181
27
27	42	5	32	96	
1	2	4	6	8	
2293	8	16
274	299
28
59	43	87	24	57	
1	2	4	5	7	
2405	6	12
56	257
29
77	93	70	18	23	
1	3	5	6	7	
2474	6	12
214	76
30
2	86	89	91	39	
1	3	4	6	7	
2490	8	16
110	262
31
71	94	52	93	61	
1	3	4	6	7	
2773	7	14
105	119
32
50	48	28	64	40	
1	2	3	5	7	
2800	5	10
210	10
33
76	75	48	56	98	
2	3	5	7	8	
3063	5	10
213	153
34
72	36	48	81	94	
2	3	5	6	8	
3069	6	12
240	118
35
18	100	3	11	80	
2	3	5	6	8	
3347	5	10
225	172
36
38	34	64	62	3	
2	3	4	5	6	
3376	10	20
166	284
37
58	95	22	82	39	
1	3	4	5	7	
3395	10	20
157	269
38
18	90	42	38	17	
1	3	4	6	8	
3401	8	16
41	290
39
10	37	60	82	63	
1	2	4	6	7	
3411	6	12
76	1
40
62	48	42	28	57	
1	3	4	5	6	
3429	6	12
220	147
41
49	1	10	33	79	
1	3	5	7	8	
3490	5	10
21	103
42
27	70	50	48	18	
1	3	5	7	8	
3526	7	14
273	70
43
88	50	52	38	54	
1	2	3	5	7	
3557	6	12
214	187
44
16	91	67	33	72	
1	3	5	7	9	
3575	9	18
219	13
45
51	94	90	83	44	
2	4	6	8	9	
3687	7	14
267	117
46
21	15	23	83	54	
1	2	3	4	5	
4105	6	12
118	28
47
19	81	15	71	44	
2	3	5	6	8	
4164	8	16
101	151
48
3	74	96	96	95	
1	3	4	5	6	
4249	5	10
46	201
49
19	26	23	92	28	
1	2	4	6	7	
4746	7	14
184	184
50
83	39	99	40	82	
2	4	6	7	8	
4798	9	18
250	100
51
40	9	63	72	19	
2	4	6	8	9	
4819	9	18
9	7
52
48	2	93	53	78	
2	4	6	8	10	
5189	10	20
172	234
53
45	42	1	66	48	
1	3	4	6	7	
5208	9	18
28	226
54
39	83	19	79	25	
1	2	3	5	7	
5240	8	16
238	148
55
47	96	96	12	29	
1	2	4	6	7	
5310	6	12
125	99
56
12	33	10	19	55	
2	3	4	6	7	
5684	10	20
245	250
57
2	41	89	65	36	
1	3	5	7	8	
5740	10	20
109	276
58
53	100	97	82	63	
1	3	5	7	9	
5821	7	14
1	42
59
94	67	48	47	72	
1	3	4	5	6	
5913	5	10
102	16
139	92
138	140