60	5	4000	18
0
86	12	65	51	17	
1	2	3	5	6	
51	6	12
89	97
1
23	76	79	18	99	
2	4	6	7	9	
198	6	12
102	143
2
20	92	73	80	75	
2	4	6	8	9	
412	5	10
32	26
3
94	36	100	59	38	
1	2	4	6	8	
459	10	20
75	89
4
29	34	25	2	15	
2	3	4	5	6	
497	7	14
230	234
5
37	34	51	11	98	
2	3	5	6	7	
802	8	16
11	112
6
15	43	12	30	84	
2	3	5	7	8	
912	5	10
294	208
7
56	17	73	75	53	
1	3	4	6	7	
1068	6	12
81	208
8
77	44	6	16	19	
1	3	4	6	8	
1198	10	20
292	45
9
44	74	42	31	30	
2	3	5	7	9	
1354	6	12
11	139
10
5	57	81	80	10	
2	3	5	6	8	
1419	7	14
290	53
11
96	16	15	14	33	
1	3	5	6	8	
1602	9	18
105	124
12
29	35	42	74	51	
2	3	4	6	8	
1673	7	14
145	237
13
50	79	5	56	50	
1	3	5	7	9	
1704	9	18
281	257
14
92	24	78	93	76	
1	3	5	7	9	
1745	8	16
77	277
15
10	99	53	30	73	
2	3	5	7	8	
1765	5	10
110	125
16
85	18	80	32	9	
1	3	5	7	9	
1806	5	10
134	172
17
9	87	88	57	24	
2	4	6	8	9	
1964	7	14
15	280
18
8	86	30	32	30	
2	4	5	7	8	
2269	8	16
187	184
19
79	41	53	74	68	
2	3	5	6	8	
2295	8	16
271	171
20
55	79	90	50	81	
2	4	5	7	9	
2308	10	20
238	112
21
58	46	41	11	71	
1	3	4	6	7	
2316	9	18
84	176
22
98	69	19	79	32	
2	4	5	6	8	
2351	9	18
159	191
23
89	56	43	3	78	
1	3	4	6	8	
2605	8	16
218	6
24
48	92	90	85	34	
1	2	3	4	6	
2635	7	14
221	281
25
41	97	53	67	65	
2	3	4	5	7	
2774	5	10
242	84
26
58	12	22	88	76	
1	3	5	7	9	
2828	7	14
288	241
27
84	43	20	24	57	
1	3	4	5	6	
3040	10	20
56	258
28
91	48	85	74	48	
2	3	4	5	6	
3166	8	16
140	80
29
16	82	16	84	44	
1	2	4	5	6	
3274	9	18
188	221
30
97	68	44	79	41	
2	4	5	7	9	
3319	10	20
206	38
31
2	84	29	8	55	
1	2	3	4	5	
3580	9	18
83	55
32
74	45	15	85	51	
2	4	5	7	8	
3664	10	20
124	28
33
10	90	24	55	92	
1	3	5	6	8	
3705	9	18
138	280
34
64	71	73	37	59	
2	3	4	5	6	
3710	10	20
110	171
35
24	59	22	18	3	
2	3	5	7	9	
3870	5	10
135	210
36
94	39	15	75	70	
2	4	5	7	9	
3950	8	16
174	24
37
46	28	15	18	41	
2	3	5	6	7	
3973	6	12
177	105
38
42	14	20	43	6	
2	4	5	6	7	
4154	6	12
160	181
39
83	90	45	86	37	
2	3	4	6	8	
4178	5	10
228	167
40
41	38	74	42	68	
2	3	4	5	7	
4281	5	10
64	271
41
95	52	96	13	45	
1	3	4	6	8	
4337	6	12
117	213
42
27	18	82	83	70	
1	2	3	5	7	
4716	8	16
94	253
43
27	2	62	77	9	
2	4	5	7	9	
4750	9	18
112	67
44
75	35	96	52	91	
2	3	5	7	8	
4903	7	14
250	149
45
17	70	41	61	40	
2	3	5	7	8	
4911	10	20
115	49
46
53	53	14	28	35	
1	2	3	4	5	
4912	5	10
25	111
47
31	37	57	100	42	
1	3	4	5	7	
5007	9	18
290	87
48
5	90	48	9	27	
2	3	5	6	8	
5112	7	14
256	224
49
42	43	77	61	33	
1	3	5	7	9	
5232	7	14
99	58
50
67	26	90	68	34	
2	3	5	7	9	
5247	5	10
269	52
51
3	96	61	77	18	
2	4	6	7	9	
5550	8	16
53	290
52
14	53	64	3	73	
2	3	4	6	8	
5578	8	16
275	4
53
100	55	67	38	39	
2	3	5	7	8	
5636	5	10
50	256
54
68	32	59	25	56	
1	2	4	5	6	
5748	8	16
207	254
55
9	50	96	69	40	
1	2	4	5	7	
5780	7	14
146	195
56
100	10	6	6	67	
1	2	4	6	8	
5797	10	20
84	104
57
69	19	10	68	48	
2	3	5	7	8	
5811	9	18
125	44
58
80	7	42	94	72	
2	3	5	6	8	
5880	6	12
48	117
59
15	71	85	12	81	
2	4	5	6	8	
5948	9	18
20	50
241	107
298	142