60	5	4000	11
0
79	16	43	44	4	
1	3	4	5	6	
235	6	12
219	133
1
68	16	85	12	41	
1	2	4	5	6	
459	6	12
283	42
2
44	52	73	31	25	
2	3	4	6	7	
723	9	18
190	91
3
3	34	43	96	93	
2	3	4	6	8	
751	9	18
139	196
4
32	75	80	82	22	
2	3	5	7	8	
754	5	10
0	222
5
61	64	94	59	62	
2	3	5	7	9	
778	10	20
292	248
6
17	24	38	5	62	
2	3	4	5	7	
967	10	20
284	281
7
20	3	56	68	40	
1	2	3	5	6	
1040	8	16
40	205
8
35	13	82	88	18	
1	2	4	6	8	
1090	8	16
211	254
9
75	14	72	45	64	
1	3	5	6	8	
1137	6	12
43	173
10
12	28	59	17	66	
1	3	4	6	7	
1243	9	18
274	297
11
58	54	60	75	43	
1	2	3	5	6	
1317	8	16
92	109
12
77	99	19	6	12	
1	2	3	4	5	
1327	6	12
34	67
13
16	24	30	7	23	
1	2	4	6	8	
1347	9	18
235	225
14
66	73	25	12	97	
1	3	4	6	7	
1364	10	20
280	268
15
14	59	59	57	92	
1	3	5	6	7	
1563	8	16
53	279
16
73	78	74	62	100	
1	3	4	5	7	
1592	6	12
102	34
17
37	83	70	59	66	
2	4	6	8	9	
2123	7	14
214	88
18
21	59	96	15	51	
2	3	4	5	6	
2265	6	12
36	158
19
90	69	76	47	96	
1	2	4	6	8	
2407	10	20
285	151
20
32	94	89	10	42	
2	3	4	5	7	
2489	6	12
149	147
21
3	2	87	35	39	
2	3	4	5	7	
2502	10	20
292	86
22
67	93	59	10	49	
1	3	5	7	9	
2530	9	18
278	287
23
61	85	27	47	66	
1	3	5	6	8	
2616	6	12
226	250
24
9	38	50	57	9	
2	3	4	6	8	
2683	8	16
229	17
25
16	40	51	33	25	
2	3	4	6	8	
2834	5	10
185	35
26
74	52	3	2	88	
2	3	4	5	7	
2916	8	16
104	147
27
21	3	1	89	53	
2	4	5	7	8	
3179	6	12
120	162
28
39	77	70	92	25	
1	3	4	5	7	
3289	10	20
108	211
29
7	44	45	36	6	
2	4	5	7	8	
3546	7	14
20	99
30
68	92	51	19	74	
2	4	6	7	9	
3617	7	14
276	106
31
87	55	33	88	65	
2	3	4	6	7	
3740	6	12
204	142
32
88	46	91	5	88	
2	3	4	5	6	
3778	5	10
10	235
33
37	61	62	87	51	
2	4	5	7	9	
3779	7	14
141	37
34
64	21	94	2	70	
2	4	6	8	10	
3809	10	20
292	87
35
62	7	70	35	66	
2	4	5	6	8	
3938	7	14
157	62
36
58	98	53	5	46	
2	3	5	7	9	
3950	8	16
93	23
37
97	64	58	36	82	
1	3	4	6	7	
4033	9	18
128	94
38
24	24	62	14	84	
1	3	5	7	9	
4085	10	20
194	177
39
56	54	92	96	34	
2	4	6	7	9	
4091	7	14
82	93
40
71	68	94	94	98	
1	3	5	6	8	
4261	10	20
112	156
41
19	68	90	36	83	
1	2	3	5	7	
4397	8	16
58	172
42
16	16	66	1	48	
2	3	4	6	7	
4401	5	10
4	261
43
10	60	13	10	24	
2	4	6	7	9	
4477	9	18
144	64
44
70	33	22	17	12	
1	2	4	6	7	
4519	5	10
77	184
45
14	13	86	67	66	
1	2	4	6	8	
4630	7	14
290	293
46
63	96	3	53	45	
1	3	5	6	8	
4763	10	20
277	220
47
50	54	68	37	40	
2	4	6	7	9	
4840	10	20
112	256
48
95	84	63	46	86	
2	3	5	6	7	
4912	9	18
143	145
49
57	50	32	73	92	
1	3	4	6	8	
5046	7	14
109	43
50
32	38	92	80	16	
1	2	3	4	6	
5107	8	16
162	223
51
43	25	90	46	65	
1	3	4	5	7	
5407	7	14
100	125
52
56	2	95	91	75	
2	3	5	7	9	
5436	5	10
9	248
53
29	4	39	60	30	
1	2	4	6	7	
5539	7	14
147	53
54
100	13	78	98	74	
2	4	5	6	8	
5689	8	16
247	12
55
15	46	36	82	68	
1	2	4	5	6	
5693	9	18
182	19
56
24	34	9	40	47	
1	3	4	5	7	
5713	5	10
61	37
57
33	55	86	50	52	
1	3	4	5	7	
5744	7	14
88	277
58
57	31	44	77	68	
1	3	4	5	7	
5847	5	10
51	223
59
98	93	14	50	21	
2	3	5	6	8	
5944	5	10
203	90
239	288
137	190