60	5	4000	4
0
97	4	41	93	9	
1	3	5	6	8	
114	7	14
102	195
1
76	50	91	58	18	
2	3	5	6	7	
139	10	20
167	5
2
36	96	49	35	51	
2	3	5	7	8	
149	7	14
90	249
3
21	37	84	90	64	
1	3	5	7	9	
350	9	18
154	110
4
1	33	20	79	37	
1	2	3	5	6	
372	5	10
149	261
5
34	93	92	98	16	
1	2	3	4	6	
416	7	14
216	9
6
71	61	59	1	10	
2	4	5	7	9	
467	5	10
96	239
7
51	30	45	22	52	
2	4	6	8	9	
541	6	12
137	233
8
85	73	63	36	63	
2	4	5	7	9	
577	7	14
181	110
9
30	82	99	4	25	
2	4	5	6	7	
821	6	12
230	141
10
52	29	8	73	64	
1	3	4	5	7	
898	7	14
51	127
11
54	59	33	94	60	
2	3	4	5	7	
926	6	12
133	188
12
68	66	88	51	74	
2	4	6	7	8	
1021	10	20
205	143
13
69	63	58	46	80	
2	4	6	7	8	
1082	5	10
95	244
14
13	80	75	79	55	
2	4	5	7	9	
1136	8	16
189	204
15
62	90	83	82	62	
1	2	4	5	7	
1189	10	20
75	27
16
91	68	45	46	3	
2	4	6	8	9	
1424	10	20
181	253
17
94	2	63	8	96	
1	2	3	4	6	
1486	7	14
295	292
18
97	77	66	99	68	
2	3	4	6	7	
1580	5	10
171	1
19
60	59	63	42	82	
1	2	3	4	5	
1615	10	20
234	32
20
19	71	27	39	96	
1	3	4	5	6	
1761	10	20
177	203
21
26	2	72	77	10	
2	4	5	6	7	
1960	9	18
273	136
22
15	4	36	52	57	
2	3	5	7	9	
2020	9	18
300	132
23
16	80	16	32	22	
2	4	5	7	9	
2021	6	12
267	60
24
24	28	46	2	41	
1	2	4	6	8	
2156	6	12
203	209
25
23	38	79	34	48	
2	3	5	7	8	
2446	10	20
280	163
26
23	15	37	38	84	
2	3	4	6	7	
2458	6	12
140	44
27
69	83	23	97	38	
1	3	4	5	7	
2534	7	14
59	32
28
28	56	78	92	52	
2	3	4	5	7	
2599	9	18
41	118
29
10	5	50	23	75	
2	3	5	7	8	
2832	9	18
275	95
30
90	49	22	44	97	
1	2	4	6	7	
3047	9	18
290	152
31
62	87	83	38	25	
1	2	3	4	6	
3075	8	16
8	172
32
60	89	25	27	64	
1	3	4	5	7	
3121	5	10
24	106
33
27	81	12	99	1	
2	4	5	6	7	
3303	7	14
102	74
34
90	21	55	2	100	
1	2	4	6	8	
3312	10	20
146	251
35
57	4	31	38	25	
1	3	5	7	9	
3630	7	14
211	15
36
35	8	76	42	24	
2	3	4	5	6	
3658	6	12
244	206
37
34	79	51	17	37	
1	2	3	5	7	
3889	10	20
154	281
38
5	2	84	34	12	
1	2	3	4	5	
3961	5	10
239	107
39
82	91	82	24	21	
1	2	4	6	8	
4011	6	12
69	129
40
2	86	18	71	1	
2	4	6	7	8	
4029	7	14
264	4
41
60	92	24	72	83	
2	4	5	6	8	
4184	6	12
99	123
42
75	37	88	81	76	
1	2	4	6	8	
4187	7	14
74	80
43
79	74	18	21	50	
2	4	5	6	8	
4330	9	18
96	94
44
45	75	69	26	92	
2	3	5	6	8	
4369	6	12
113	151
45
36	53	91	95	79	
2	4	6	8	10	
4652	7	14
215	167
46
48	2	82	54	64	
2	3	4	6	7	
4709	6	12
217	216
47
85	12	93	66	91	
2	3	5	7	9	
4865	9	18
261	19
48
57	88	68	39	9	
1	3	4	5	7	
4877	5	10
169	63
49
41	57	40	89	43	
1	2	4	5	7	
5110	9	18
227	184
50
57	89	27	58	58	
1	2	3	5	7	
5147	9	18
267	144
51
22	15	56	80	90	
2	3	5	7	8	
5292	10	20
131	39
52
93	100	94	79	16	
1	3	4	6	7	
5297	9	18
204	85
53
5	25	94	71	23	
1	3	4	5	6	
5353	5	10
63	180
54
4	1	100	36	9	
1	2	4	6	7	
5443	7	14
86	93
55
49	38	62	59	100	
2	3	4	5	7	
5494	7	14
298	0
56
41	88	67	21	90	
2	4	5	7	8	
5595	8	16
97	30
57
82	95	2	100	22	
2	4	6	8	9	
5688	10	20
22	130
58
83	45	7	69	29	
1	2	3	4	6	
5741	6	12
0	282
59
53	1	11	54	1	
1	2	3	4	5	
5794	6	12
78	207
297	179
205	273