60	5	4000	7
0
1	82	47	11	45	
1	2	4	6	7	
230	8	16
34	117
1
8	27	79	96	58	
1	2	4	6	7	
259	7	14
163	182
2
40	44	65	10	56	
2	3	4	5	6	
311	10	20
190	89
3
79	35	19	39	79	
2	4	6	8	9	
839	5	10
90	234
4
44	14	92	1	89	
1	3	4	5	7	
845	6	12
179	143
5
51	71	1	16	37	
2	3	4	6	7	
917	7	14
222	108
6
55	86	2	67	19	
2	3	4	5	6	
958	7	14
159	108
7
29	78	2	32	39	
2	4	6	8	10	
1507	6	12
105	32
8
70	93	77	14	71	
2	4	5	7	8	
1569	10	20
151	9
9
69	37	75	22	48	
2	4	5	7	9	
1793	9	18
208	191
10
37	97	16	97	77	
2	3	5	6	7	
1804	9	18
238	89
11
50	75	54	14	69	
1	3	4	6	7	
1845	5	10
237	58
12
42	26	86	47	28	
2	4	5	7	8	
1919	8	16
186	146
13
54	100	8	56	97	
1	3	5	6	8	
1945	8	16
191	181
14
82	80	11	37	98	
1	2	3	5	6	
1957	8	16
175	21
15
40	9	44	33	66	
2	4	5	7	9	
2036	6	12
38	110
16
11	40	67	58	18	
1	3	4	5	7	
2311	9	18
250	208
17
78	95	19	91	37	
2	4	5	7	8	
2321	7	14
193	110
18
4	99	26	63	5	
2	4	5	6	8	
2346	8	16
10	111
19
10	73	31	93	90	
1	3	4	6	7	
2357	10	20
245	289
20
94	54	38	46	61	
1	3	5	7	8	
2385	7	14
57	54
21
45	38	82	59	37	
2	4	6	8	10	
2407	8	16
44	242
22
63	12	92	68	93	
2	4	5	7	9	
2977	7	14
65	292
23
35	23	4	17	91	
1	3	4	6	7	
2980	8	16
65	151
24
16	81	12	43	48	
2	4	5	7	8	
3085	5	10
189	272
25
18	78	37	24	1	
2	3	5	7	8	
3103	8	16
88	39
26
34	89	82	65	29	
2	4	6	7	9	
3157	10	20
170	124
27
56	77	97	54	35	
2	4	6	7	9	
3411	7	14
0	44
28
8	7	5	18	24	
2	4	6	7	8	
3422	8	16
229	147
29
32	38	79	78	68	
2	4	6	8	10	
3464	10	20
13	276
30
80	7	34	85	10	
2	3	4	5	7	
3506	9	18
94	181
31
50	61	44	76	15	
2	3	4	5	7	
3552	9	18
106	273
32
15	73	10	21	84	
1	2	3	4	5	
3618	10	20
249	238
33
55	74	10	39	52	
2	3	4	6	7	
3708	9	18
145	14
34
74	88	87	84	67	
1	2	3	4	6	
3825	9	18
29	19
35
46	68	88	33	47	
2	4	6	7	8	
3839	8	16
263	254
36
85	9	7	17	9	
2	3	5	7	9	
3934	6	12
30	215
37
79	9	42	12	51	
2	3	5	6	7	
3946	10	20
226	262
38
82	96	41	53	45	
1	2	3	4	6	
3991	7	14
4	172
39
30	29	80	90	68	
2	4	6	7	9	
4142	10	20
149	111
40
45	19	17	90	37	
1	3	5	6	7	
4166	5	10
267	233
41
97	35	15	57	14	
2	4	6	7	8	
4392	10	20
119	227
42
86	99	70	96	87	
2	3	4	5	7	
4404	6	12
32	164
43
88	30	3	61	20	
1	2	3	5	6	
4740	9	18
62	68
44
85	39	14	96	70	
2	3	4	5	7	
4780	6	12
121	128
45
19	43	14	22	47	
1	3	4	6	7	
4926	10	20
267	2
46
67	7	14	90	38	
2	3	5	7	9	
4941	8	16
140	197
47
26	74	80	61	51	
1	3	5	7	8	
5032	7	14
32	169
48
26	44	16	33	33	
2	4	6	7	8	
5076	9	18
267	198
49
17	3	1	74	71	
2	4	6	8	10	
5240	7	14
109	123
50
66	82	78	76	61	
1	2	4	5	6	
5243	10	20
158	152
51
62	35	59	93	64	
1	2	3	5	6	
5251	9	18
105	225
52
59	14	33	71	55	
1	3	5	6	8	
5353	8	16
149	112
53
14	84	28	56	46	
1	2	3	5	7	
5367	9	18
76	30
54
32	56	78	81	6	
2	4	6	7	8	
5369	5	10
130	243
55
72	43	87	51	16	
2	4	5	7	9	
5402	6	12
91	140
56
99	58	92	21	26	
2	4	6	7	8	
5418	6	12
223	129
57
72	27	29	85	99	
1	2	4	5	6	
5499	9	18
272	291
58
6	21	44	45	5	
1	3	5	7	8	
5676	6	12
221	97
59
72	77	66	11	68	
1	2	3	4	5	
5760	10	20
112	201
103	123
22	25