60	5	4000	6
0
89	31	75	22	67	
1	2	4	6	8	
2	8	16
299	263
1
29	89	46	83	32	
2	4	6	8	10	
61	10	20
192	64
2
24	27	67	63	48	
2	3	5	6	7	
243	5	10
2	128
3
66	44	21	52	26	
1	2	4	5	7	
256	7	14
158	153
4
8	61	47	90	46	
2	3	5	6	8	
327	9	18
291	241
5
5	58	15	15	74	
1	3	4	5	6	
642	8	16
68	173
6
15	92	76	89	77	
1	3	4	5	6	
656	6	12
291	124
7
22	91	53	6	33	
2	3	4	5	6	
788	10	20
265	280
8
95	43	3	68	4	
2	3	4	5	6	
822	9	18
177	293
9
43	53	42	20	14	
2	4	6	8	9	
854	5	10
63	35
10
100	40	39	38	74	
1	3	5	7	9	
988	5	10
219	132
11
28	86	57	57	44	
2	3	5	6	7	
1009	8	16
161	75
12
82	37	42	65	12	
2	3	5	6	8	
1165	7	14
164	216
13
97	94	17	47	75	
1	3	5	6	8	
1181	5	10
177	199
14
42	91	18	62	56	
2	4	5	6	7	
1206	8	16
4	216
15
95	70	32	27	97	
2	4	5	6	8	
1427	10	20
110	178
16
47	14	67	46	8	
1	3	4	5	7	
1498	5	10
115	17
17
17	96	53	25	76	
2	3	4	6	8	
1758	7	14
193	215
18
82	37	60	71	7	
1	3	4	5	7	
2096	6	12
32	83
19
87	56	22	46	79	
2	3	5	6	7	
2159	6	12
212	40
20
59	20	82	90	87	
2	3	4	5	6	
2460	5	10
67	33
21
94	4	92	67	99	
1	3	4	5	7	
2484	7	14
216	230
22
32	62	59	49	42	
2	3	5	6	8	
2549	7	14
1	117
23
93	84	87	18	58	
2	4	6	7	9	
2647	10	20
284	26
24
17	32	89	75	54	
2	4	5	7	8	
2859	6	12
23	221
25
44	24	8	80	67	
2	3	4	5	6	
2860	10	20
107	268
26
42	99	52	70	27	
2	4	5	7	9	
2947	5	10
98	239
27
13	58	12	11	33	
2	4	5	7	9	
2957	7	14
114	260
28
49	100	20	78	63	
1	3	5	7	9	
2988	9	18
237	267
29
20	43	76	58	36	
2	4	5	7	9	
2992	7	14
62	31
30
90	86	97	69	67	
1	2	4	6	8	
3250	9	18
216	116
31
26	78	23	61	10	
2	4	5	6	7	
3264	7	14
21	129
32
91	88	63	35	99	
2	4	5	7	9	
3347	8	16
166	205
33
30	55	17	100	48	
1	2	3	5	6	
3385	9	18
228	255
34
41	58	50	6	31	
1	3	5	7	9	
3483	8	16
216	258
35
77	63	14	69	47	
1	2	3	5	7	
3526	5	10
211	140
36
61	93	38	77	36	
1	2	3	5	6	
3655	6	12
279	42
37
81	54	65	54	44	
2	4	5	6	8	
3696	5	10
202	0
38
80	16	46	23	94	
2	3	4	6	8	
4042	9	18
39	152
39
3	26	99	10	61	
1	3	4	5	6	
4102	10	20
10	10
40
40	45	94	31	69	
2	3	4	5	7	
4300	9	18
41	94
41
38	55	28	35	51	
2	4	6	8	10	
4325	8	16
105	54
42
19	23	51	1	45	
2	4	5	6	8	
4506	9	18
86	135
43
37	80	70	37	3	
2	4	6	7	9	
4509	7	14
93	288
44
19	34	88	49	23	
2	4	5	6	8	
4567	6	12
173	114
45
5	66	87	14	78	
1	3	4	6	8	
4641	5	10
23	182
46
67	37	63	9	70	
2	3	5	6	7	
4690	5	10
188	86
47
54	68	11	93	45	
1	3	4	5	7	
4723	9	18
291	47
48
15	56	9	2	53	
1	3	5	6	7	
4740	6	12
209	152
49
8	97	21	67	1	
1	3	4	5	6	
4767	8	16
222	220
50
36	41	34	24	72	
2	4	5	7	8	
4785	10	20
130	15
51
43	9	48	4	52	
1	2	3	5	6	
4913	5	10
269	248
52
79	66	33	6	64	
2	3	4	6	7	
4948	5	10
204	263
53
60	100	22	21	11	
2	3	4	6	7	
5203	7	14
76	175
54
8	60	69	42	73	
2	3	5	7	9	
5324	10	20
34	227
55
46	75	98	40	10	
1	3	5	6	8	
5445	7	14
291	55
56
39	51	97	14	81	
1	2	3	4	6	
5527	9	18
61	96
57
70	67	48	43	84	
1	2	4	6	8	
5770	8	16
86	141
58
10	38	82	21	10	
1	2	4	5	6	
5878	9	18
220	148
59
7	2	95	25	61	
2	3	5	7	9	
5999	7	14
287	152
39	95
263	37