70	5	4000	15
0
23	51	27	2	76	
2	3	4	6	8	
1	10	20
205	34
1
69	30	65	46	70	
1	3	5	7	9	
305	8	16
55	14
2
34	67	51	75	61	
2	4	6	8	10	
371	5	10
30	254
3
29	85	5	63	58	
1	3	5	6	7	
385	7	14
189	283
4
95	31	81	33	100	
1	3	4	5	7	
419	6	12
38	189
5
47	36	27	95	39	
1	2	4	5	7	
582	10	20
120	151
6
40	53	6	4	90	
1	3	5	7	9	
620	10	20
230	81
7
21	79	55	37	81	
2	3	5	6	7	
728	10	20
166	93
8
24	86	88	60	26	
2	3	5	7	8	
745	10	20
213	110
9
80	13	8	33	14	
2	4	5	7	9	
803	7	14
113	280
10
40	26	11	45	18	
1	2	4	5	7	
803	6	12
26	77
11
74	12	51	85	4	
2	4	6	8	9	
859	6	12
272	30
12
52	38	67	6	28	
1	3	4	5	7	
873	5	10
205	119
13
42	60	78	74	11	
2	4	5	7	8	
1006	8	16
12	129
14
43	6	98	27	54	
2	3	4	6	7	
1012	7	14
141	176
15
14	7	23	53	98	
1	3	4	5	6	
1081	6	12
253	55
16
4	95	94	64	70	
1	2	4	6	8	
1198	10	20
253	154
17
8	95	58	69	40	
2	4	5	7	9	
1199	5	10
158	49
18
44	76	58	38	40	
2	4	6	7	9	
1240	10	20
174	20
19
97	15	27	27	8	
1	3	4	6	8	
1249	9	18
19	109
20
21	61	34	20	8	
1	2	3	5	7	
1257	6	12
111	284
21
9	22	16	60	17	
1	3	5	7	8	
1506	9	18
252	16
22
61	60	64	55	14	
1	2	4	6	7	
1809	6	12
212	79
23
32	58	2	45	42	
1	2	4	6	8	
1824	10	20
109	219
24
15	79	57	73	83	
1	3	5	6	7	
1965	5	10
153	298
25
50	59	68	52	86	
1	2	4	5	6	
1973	6	12
257	50
26
9	15	81	13	42	
2	4	6	8	10	
2113	6	12
180	9
27
93	77	61	77	71	
2	3	4	5	6	
2152	7	14
4	29
28
80	75	96	33	35	
1	2	4	6	7	
2164	10	20
167	100
29
79	74	67	9	14	
2	3	4	6	7	
2188	8	16
117	64
30
52	85	73	57	52	
1	2	4	5	6	
2188	10	20
76	28
31
37	67	17	55	56	
2	4	6	7	8	
2270	5	10
274	1
32
95	77	34	8	67	
2	3	4	6	8	
2358	7	14
220	103
33
55	36	23	90	53	
2	4	5	7	8	
2389	8	16
277	231
34
32	21	21	42	86	
2	3	5	6	8	
2552	7	14
227	286
35
35	85	72	69	50	
1	2	4	6	8	
2662	10	20
72	31
36
30	37	72	19	11	
1	2	4	6	7	
2794	5	10
105	183
37
7	81	18	26	84	
2	3	5	7	8	
2858	8	16
213	252
38
87	62	3	79	89	
1	2	4	5	7	
2925	6	12
210	171
39
83	63	49	78	75	
1	3	4	5	7	
3024	7	14
206	127
40
10	82	64	63	50	
2	4	5	6	8	
3064	7	14
144	174
41
73	78	98	2	44	
2	4	6	8	9	
3536	10	20
276	196
42
18	8	4	82	2	
1	3	5	7	9	
3682	5	10
122	273
43
43	82	45	88	76	
1	2	4	5	6	
3798	10	20
173	244
44
85	4	60	73	24	
2	4	5	7	8	
3810	7	14
194	202
45
20	18	44	29	80	
1	3	4	5	7	
3881	6	12
245	230
46
16	39	89	91	89	
2	3	5	6	7	
3960	8	16
287	99
47
51	47	43	19	71	
2	3	4	6	8	
4005	9	18
12	249
48
21	66	71	83	22	
2	4	5	7	9	
4447	8	16
67	252
49
70	35	86	35	48	
2	4	6	8	10	
4592	7	14
133	215
50
45	100	26	54	18	
2	4	6	7	8	
4627	6	12
193	93
51
45	46	79	58	74	
1	2	4	6	7	
4881	5	10
158	92
52
78	53	99	73	59	
2	4	6	8	10	
4900	8	16
162	21
53
38	35	38	43	1	
2	3	4	5	6	
4917	5	10
229	127
54
40	88	70	63	5	
1	3	4	5	7	
5241	5	10
271	11
55
27	66	8	4	26	
1	2	4	6	7	
5442	6	12
183	53
56
76	42	88	42	9	
1	2	4	6	8	
5548	6	12
59	222
57
16	41	73	34	78	
2	4	6	8	9	
5663	10	20
190	236
58
3	87	83	84	97	
2	4	6	8	10	
5672	6	12
17	267
59
100	65	46	78	84	
1	2	4	6	7	
5798	8	16
179	88
60
60	89	37	94	31	
1	3	5	6	8	
5892	6	12
100	270
61
77	88	56	6	80	
2	3	5	6	8	
6077	7	14
110	174
62
68	60	85	12	19	
1	3	5	6	8	
6355	6	12
243	133
63
67	51	12	69	7	
1	3	4	5	7	
6649	7	14
144	37
64
17	35	96	35	92	
1	2	3	5	6	
6757	7	14
112	151
65
80	34	6	13	59	
1	3	5	7	9	
6820	6	12
205	128
66
82	15	39	43	38	
1	3	4	6	7	
6863	10	20
227	8
67
93	74	99	53	76	
2	3	5	7	8	
6916	9	18
275	237
68
21	98	89	72	69	
1	2	3	4	5	
6952	9	18
251	92
69
54	18	24	74	90	
2	4	5	7	9	
6971	8	16
221	246
207	126
221	116