70	5	4000	0
0
82	18	23	21	37	
1	2	3	4	6	
105	8	16
0	194
1
74	31	7	19	58	
2	4	6	7	9	
147	10	20
167	39
2
32	26	80	49	65	
2	3	5	7	9	
167	9	18
244	127
3
7	94	65	24	60	
2	4	6	7	8	
303	9	18
205	73
4
61	84	95	52	31	
1	2	4	5	7	
311	5	10
231	198
5
93	21	6	11	40	
1	3	4	6	7	
331	6	12
130	53
6
79	58	14	51	87	
1	3	5	7	9	
379	7	14
189	127
7
38	38	18	47	21	
1	3	5	6	7	
522	8	16
227	46
8
97	98	18	22	81	
2	4	5	6	7	
560	5	10
197	137
9
34	79	47	87	15	
2	4	5	7	9	
931	10	20
219	58
10
22	80	27	83	80	
1	3	5	7	8	
1021	9	18
139	180
11
38	12	89	74	66	
1	2	3	5	7	
1047	10	20
197	104
12
86	96	14	71	52	
2	3	4	5	7	
1118	6	12
186	167
13
30	68	35	19	73	
2	3	5	6	8	
1210	6	12
245	63
14
2	99	34	37	26	
1	2	3	4	6	
1246	9	18
53	114
15
100	43	38	82	77	
2	3	5	6	8	
1292	9	18
281	96
16
35	1	56	86	30	
1	2	4	5	6	
1299	5	10
295	74
17
57	11	39	85	55	
2	4	5	7	8	
1581	7	14
261	30
18
91	39	39	67	47	
2	3	4	5	6	
1603	7	14
27	292
19
99	75	33	16	1	
1	3	5	7	8	
1651	7	14
31	138
20
51	49	69	19	65	
2	4	6	8	9	
1955	10	20
84	5
21
7	38	71	40	40	
2	3	4	5	6	
1998	8	16
69	198
22
80	32	13	39	30	
2	4	5	6	8	
2005	9	18
222	19
23
97	96	72	92	71	
2	4	5	7	8	
2084	6	12
169	199
24
2	35	59	80	46	
1	3	5	7	9	
2117	9	18
124	177
25
73	96	6	92	1	
2	4	5	6	7	
2325	8	16
30	124
26
99	50	3	46	46	
1	2	4	6	8	
2458	7	14
241	9
27
69	49	1	35	64	
1	3	5	6	8	
2600	8	16
273	87
28
73	61	40	44	25	
2	3	4	6	7	
2663	7	14
90	199
29
28	28	43	45	93	
1	3	5	7	9	
2683	7	14
66	226
30
44	54	100	80	27	
1	3	5	7	9	
2699	10	20
299	293
31
52	24	45	58	72	
1	3	5	7	9	
2766	8	16
66	101
32
49	34	63	63	28	
1	2	4	5	6	
2802	8	16
187	44
33
66	86	61	94	20	
2	3	4	5	7	
2938	7	14
144	90
34
43	2	64	79	78	
1	2	4	5	6	
2986	7	14
96	62
35
92	25	79	33	88	
2	3	4	6	8	
3018	5	10
264	236
36
14	88	26	87	30	
2	4	5	7	8	
3145	8	16
130	268
37
69	73	2	22	62	
1	2	3	5	7	
3236	8	16
243	136
38
10	99	3	5	43	
1	2	3	5	6	
3395	7	14
129	289
39
81	47	34	75	44	
2	3	5	7	8	
3414	10	20
183	70
40
76	36	41	48	20	
1	3	5	7	9	
3427	6	12
300	166
41
76	11	43	3	19	
2	4	5	7	8	
3516	6	12
284	67
42
79	45	33	86	80	
1	2	3	4	5	
3578	5	10
239	132
43
52	33	3	72	31	
1	3	5	7	8	
3766	9	18
215	0
44
95	30	97	63	34	
2	3	4	5	7	
3863	8	16
203	111
45
55	33	84	16	54	
2	4	6	8	9	
3909	7	14
136	252
46
67	9	1	42	63	
2	3	4	6	8	
4028	9	18
115	153
47
88	48	20	3	2	
2	3	4	6	8	
4055	7	14
42	4
48
47	5	94	56	45	
1	3	4	5	6	
4275	7	14
45	234
49
33	31	84	48	72	
1	2	4	5	6	
4483	10	20
229	14
50
31	4	89	88	54	
1	3	4	5	7	
4608	7	14
171	247
51
61	33	16	16	18	
2	3	4	6	8	
4619	6	12
187	42
52
1	16	3	55	7	
1	3	4	6	7	
4620	8	16
209	67
53
99	29	30	14	25	
1	3	5	6	8	
4735	5	10
158	27
54
94	86	24	99	30	
2	4	5	7	8	
4801	9	18
66	192
55
67	50	20	13	95	
1	3	5	7	8	
5180	6	12
80	220
56
98	66	13	11	71	
2	4	5	6	8	
5216	9	18
91	256
57
19	48	54	76	63	
2	4	5	7	8	
5402	8	16
12	151
58
7	66	79	67	97	
2	3	5	7	8	
5453	9	18
222	108
59
73	36	24	39	60	
1	2	3	4	5	
5480	6	12
223	53
60
66	65	53	66	81	
1	2	3	5	7	
5756	10	20
255	270
61
46	23	54	99	86	
2	4	6	8	10	
5795	9	18
247	145
62
31	19	76	35	93	
2	4	6	8	9	
5885	9	18
94	255
63
42	12	43	2	68	
2	4	5	6	7	
6017	5	10
158	39
64
39	7	33	21	41	
1	2	3	5	7	
6366	7	14
32	195
65
75	64	37	80	35	
2	4	5	6	8	
6551	5	10
101	41
66
89	16	41	19	25	
1	2	4	5	7	
6855	9	18
116	246
67
94	30	24	21	29	
2	3	5	6	8	
6884	5	10
238	27
68
51	67	78	24	51	
2	3	5	7	9	
6888	8	16
193	217
69
57	74	74	67	38	
1	2	4	5	6	
6908	10	20
2	30
283	211
136	118