70	5	4000	17
0
9	99	76	71	8	
1	2	4	6	7	
41	9	18
18	291
1
83	13	78	10	77	
2	3	4	5	6	
62	6	12
218	226
2
2	90	58	21	66	
2	3	5	6	8	
96	6	12
37	120
3
33	74	78	73	12	
1	3	4	6	8	
144	5	10
0	251
4
7	15	3	30	5	
1	2	4	5	6	
144	6	12
215	285
5
26	44	70	69	50	
1	3	4	5	7	
305	9	18
36	53
6
60	29	42	88	1	
2	3	4	6	8	
354	8	16
265	271
7
1	6	21	51	91	
2	4	5	6	7	
527	9	18
272	38
8
12	93	95	16	9	
1	3	5	6	8	
533	5	10
63	70
9
58	22	44	9	84	
2	3	4	5	6	
683	5	10
72	85
10
41	36	16	95	39	
2	3	5	6	8	
1056	5	10
45	44
11
34	98	41	85	36	
1	2	4	6	7	
1132	8	16
179	238
12
92	78	21	11	43	
1	2	3	4	6	
1134	9	18
101	131
13
61	81	51	93	37	
2	4	5	7	9	
1270	5	10
236	207
14
27	53	35	9	54	
2	3	5	7	8	
1278	9	18
184	292
15
29	42	56	51	2	
2	3	5	7	9	
1311	10	20
284	125
16
37	1	16	92	69	
1	2	4	6	8	
1460	5	10
181	111
17
84	62	9	54	46	
1	3	4	5	7	
1480	7	14
277	83
18
49	84	59	90	16	
1	3	4	6	8	
1524	7	14
126	168
19
88	5	96	84	37	
2	4	6	7	8	
1618	6	12
217	193
20
91	5	41	17	43	
1	2	4	5	7	
2151	5	10
101	198
21
92	47	60	27	93	
2	4	6	7	9	
2243	7	14
65	84
22
10	26	28	16	84	
2	4	5	6	7	
2259	7	14
139	288
23
18	48	27	96	65	
1	3	5	7	9	
2385	9	18
25	35
24
52	89	20	95	25	
1	3	4	6	8	
2551	9	18
197	161
25
24	29	5	10	53	
1	2	3	5	7	
2651	6	12
139	255
26
80	50	82	94	44	
1	2	3	5	6	
2674	6	12
94	161
27
25	5	86	41	41	
1	2	3	4	5	
2903	6	12
171	289
28
69	82	11	21	71	
2	3	5	7	8	
2951	7	14
289	41
29
75	78	62	35	30	
2	4	5	6	8	
3150	6	12
215	140
30
27	33	83	46	40	
2	3	4	6	8	
3168	8	16
120	141
31
7	77	58	33	67	
1	3	4	6	8	
3266	8	16
93	191
32
36	36	82	23	51	
2	3	4	5	7	
3645	7	14
99	76
33
30	32	91	35	48	
2	4	6	7	8	
3709	9	18
172	173
34
74	43	11	80	44	
1	2	3	4	6	
3723	9	18
169	34
35
67	64	91	62	27	
2	3	4	6	8	
3728	6	12
258	82
36
21	69	13	70	79	
1	2	3	5	7	
3780	7	14
126	137
37
40	72	84	27	7	
1	2	3	4	6	
3849	5	10
293	81
38
80	16	85	17	73	
1	2	4	5	6	
3911	6	12
165	199
39
97	5	72	27	100	
1	2	3	5	7	
3993	5	10
298	282
40
92	93	10	34	29	
2	3	4	5	7	
4007	8	16
112	10
41
71	51	40	97	38	
2	4	5	7	9	
4052	9	18
221	167
42
31	95	83	19	70	
1	2	3	4	5	
4078	5	10
205	274
43
35	3	100	63	37	
1	2	3	4	6	
4115	8	16
7	287
44
64	35	26	75	35	
2	3	5	7	9	
4178	9	18
57	117
45
82	80	62	93	72	
2	3	4	5	7	
4215	8	16
226	237
46
27	49	16	50	87	
2	4	5	7	8	
4226	10	20
160	72
47
55	85	100	97	32	
2	3	4	6	7	
4228	5	10
294	142
48
69	66	73	18	36	
1	3	4	6	8	
4240	7	14
153	213
49
70	62	94	10	10	
1	2	3	5	6	
4445	10	20
159	284
50
32	77	85	71	5	
2	4	6	8	10	
4478	7	14
241	298
51
93	86	98	66	17	
2	4	5	7	8	
4566	10	20
134	195
52
14	55	8	47	15	
2	4	6	7	8	
4673	8	16
231	131
53
74	6	45	4	58	
1	2	3	5	6	
5027	7	14
217	67
54
73	3	91	90	30	
2	4	6	8	9	
5178	10	20
11	149
55
17	70	65	3	8	
1	3	5	7	8	
5306	5	10
144	160
56
22	29	98	36	29	
2	4	5	6	7	
5330	5	10
280	47
57
1	14	1	21	59	
2	3	4	5	7	
5350	10	20
109	184
58
96	67	34	91	47	
2	4	5	7	9	
5574	7	14
271	12
59
46	19	26	55	52	
1	3	4	5	7	
5681	5	10
65	238
60
19	85	8	70	38	
1	2	4	5	7	
5698	7	14
160	63
61
86	53	20	62	81	
1	3	5	7	9	
5714	7	14
10	74
62
35	82	86	90	4	
1	3	4	6	8	
5805	10	20
264	163
63
71	33	69	56	61	
2	3	5	6	8	
6043	7	14
160	150
64
71	31	60	99	95	
1	3	5	7	9	
6139	10	20
221	273
65
57	12	53	14	66	
2	4	6	8	10	
6157	6	12
125	147
66
48	91	35	35	53	
1	2	4	5	6	
6180	9	18
112	299
67
13	8	96	25	11	
1	3	5	6	7	
6498	8	16
132	10
68
17	24	21	19	58	
1	2	3	4	6	
6624	6	12
135	61
69
60	73	16	43	66	
2	3	5	6	7	
6634	8	16
264	10
160	10
232	283