70	5	4000	8
0
74	20	93	58	85	
1	2	4	5	6	
50	5	10
289	228
1
5	62	77	55	36	
1	2	3	5	7	
160	10	20
200	245
2
56	68	38	23	79	
1	2	3	5	7	
178	9	18
77	186
3
77	3	52	29	13	
2	3	5	6	8	
271	10	20
228	177
4
79	20	90	52	40	
1	3	4	6	7	
344	5	10
259	235
5
43	67	49	26	34	
2	4	6	8	10	
377	8	16
122	182
6
57	11	81	5	26	
2	3	4	6	7	
657	5	10
110	50
7
21	32	51	31	37	
1	3	5	7	9	
700	9	18
257	133
8
30	6	61	100	48	
2	3	5	6	7	
717	8	16
29	215
9
42	27	11	24	72	
1	2	3	5	6	
786	10	20
148	180
10
95	66	60	42	23	
2	4	5	7	9	
879	8	16
225	281
11
83	81	77	36	30	
2	4	6	7	9	
1287	10	20
53	86
12
6	19	27	7	46	
2	3	5	6	8	
1307	8	16
117	182
13
99	26	46	72	49	
1	2	3	4	5	
1341	9	18
114	87
14
33	52	88	82	23	
2	4	6	7	8	
1472	8	16
235	70
15
46	53	37	45	72	
2	4	6	8	10	
1492	5	10
242	90
16
42	40	72	71	52	
2	3	5	7	8	
1774	8	16
91	83
17
49	1	12	44	11	
1	2	3	4	6	
1823	10	20
11	156
18
34	23	24	34	45	
1	2	4	5	7	
1824	6	12
221	212
19
28	3	69	45	49	
1	3	5	6	7	
1893	9	18
41	228
20
100	14	78	29	73	
1	3	4	6	7	
1968	8	16
134	98
21
74	37	96	91	93	
1	3	5	7	8	
2014	5	10
250	159
22
31	57	49	38	98	
2	4	5	6	8	
2167	10	20
219	90
23
37	61	10	32	91	
1	2	3	5	7	
2350	10	20
240	142
24
50	30	48	41	60	
1	3	5	7	8	
2365	9	18
9	155
25
11	87	31	75	27	
2	3	5	6	8	
2369	8	16
29	292
26
1	94	89	10	23	
2	3	5	6	8	
2471	9	18
194	42
27
96	99	46	86	22	
1	3	4	5	7	
2526	5	10
7	154
28
46	1	41	30	78	
1	2	4	6	8	
2871	6	12
7	214
29
17	85	30	52	6	
2	3	4	5	7	
3109	8	16
167	149
30
67	64	37	6	21	
1	2	3	4	6	
3214	6	12
73	67
31
1	37	82	65	18	
2	4	6	7	8	
3279	8	16
111	83
32
68	38	37	99	20	
2	3	5	6	7	
3317	9	18
71	163
33
33	17	6	41	88	
2	3	4	5	7	
3704	8	16
214	22
34
75	53	58	42	1	
2	3	5	6	7	
3767	6	12
63	41
35
6	24	69	27	17	
2	4	5	7	8	
3797	8	16
111	77
36
7	65	83	71	2	
2	3	5	7	8	
3865	5	10
194	276
37
63	70	75	48	21	
2	3	4	5	7	
3911	10	20
297	20
38
61	62	35	88	18	
1	2	4	5	7	
3944	8	16
215	283
39
73	47	49	16	82	
1	3	5	6	8	
4021	10	20
164	11
40
81	6	30	25	27	
2	4	6	7	8	
4232	7	14
259	36
41
60	64	63	56	17	
1	2	3	4	6	
4294	8	16
220	238
42
38	3	69	78	44	
1	2	3	4	6	
4548	7	14
94	141
43
38	50	42	32	92	
1	3	4	6	7	
4563	8	16
195	72
44
64	6	88	12	58	
2	4	5	6	8	
4644	5	10
143	32
45
1	100	93	40	60	
1	2	3	4	5	
4649	5	10
159	83
46
24	37	94	52	36	
2	3	5	7	9	
4804	6	12
25	63
47
20	34	83	92	50	
1	2	3	4	6	
5063	10	20
266	83
48
25	82	5	28	58	
1	3	4	5	7	
5272	9	18
1	71
49
78	70	6	99	36	
2	4	5	7	8	
5282	7	14
164	299
50
39	75	17	79	83	
2	4	5	7	9	
5405	10	20
246	106
51
35	24	50	85	93	
1	3	4	6	8	
5594	8	16
202	290
52
55	41	66	70	7	
2	4	5	6	7	
5817	10	20
1	122
53
51	45	20	83	25	
1	3	5	7	9	
5844	8	16
28	244
54
36	37	72	34	96	
2	4	5	7	9	
6030	9	18
13	148
55
14	29	44	70	97	
2	4	5	7	9	
6143	9	18
50	254
56
58	38	36	96	35	
1	2	4	5	7	
6253	10	20
300	1
57
64	98	69	100	33	
2	4	6	7	8	
6273	6	12
182	213
58
54	24	9	20	10	
2	3	5	6	7	
6274	5	10
14	20
59
24	70	3	94	93	
1	2	3	5	6	
6332	5	10
35	229
60
60	39	83	48	15	
1	2	4	6	7	
6357	5	10
121	73
61
33	4	58	4	26	
1	2	4	5	7	
6358	10	20
183	0
62
3	89	59	39	82	
1	3	4	5	7	
6369	6	12
48	214
63
37	3	38	93	56	
2	4	5	6	7	
6398	9	18
203	0
64
55	63	65	2	58	
2	3	4	5	6	
6607	7	14
193	45
65
93	88	26	61	18	
1	2	4	5	6	
6609	9	18
245	298
66
58	24	99	37	79	
1	2	4	5	6	
6740	6	12
84	193
67
59	42	32	67	92	
1	3	5	7	9	
6764	7	14
286	80
68
93	67	82	51	57	
2	4	5	7	8	
6790	8	16
82	273
69
93	77	83	48	79	
1	3	4	6	7	
6947	8	16
205	48
261	65
242	112