70	5	4000	2
0
97	71	23	42	72	
1	3	5	6	7	
86	7	14
120	100
1
21	78	39	99	99	
2	4	5	7	9	
140	10	20
32	60
2
89	44	14	99	4	
1	3	4	5	6	
315	7	14
261	15
3
100	17	57	49	40	
2	4	5	7	8	
440	8	16
61	115
4
97	34	2	1	79	
1	3	5	6	7	
452	9	18
297	90
5
9	94	20	42	22	
2	3	5	7	9	
472	10	20
27	262
6
68	68	92	72	8	
2	4	6	7	9	
490	10	20
166	154
7
39	15	65	80	60	
1	3	5	7	8	
535	10	20
19	252
8
83	99	16	95	4	
1	3	4	6	7	
872	10	20
283	88
9
15	38	94	37	7	
2	3	4	6	8	
1055	9	18
260	93
10
99	19	85	2	81	
1	3	4	5	7	
1197	7	14
246	164
11
11	38	98	49	61	
1	2	3	4	5	
1292	8	16
48	205
12
50	67	35	25	5	
2	3	5	6	8	
1348	10	20
235	96
13
89	5	77	25	76	
2	3	4	5	7	
1472	6	12
281	282
14
5	53	18	70	34	
2	3	4	5	7	
1580	7	14
71	263
15
19	91	72	41	30	
1	3	5	7	8	
1631	7	14
293	269
16
52	45	56	31	100	
2	4	6	8	9	
1679	10	20
285	225
17
20	41	35	17	6	
2	3	5	7	8	
1858	9	18
136	163
18
96	89	22	3	2	
1	3	5	7	8	
1884	5	10
191	150
19
69	35	37	25	11	
1	3	4	5	7	
2344	9	18
91	109
20
84	39	55	31	73	
2	3	4	5	6	
2397	9	18
162	175
21
25	53	29	29	55	
2	3	5	7	9	
2469	7	14
128	28
22
5	81	10	60	57	
1	2	3	5	7	
2497	9	18
264	192
23
42	7	39	17	82	
2	3	4	6	7	
2577	10	20
246	48
24
43	49	49	23	44	
2	4	5	7	9	
2594	8	16
231	170
25
3	55	13	26	64	
2	3	5	7	9	
2818	9	18
132	81
26
19	92	16	19	8	
2	4	6	7	9	
2910	10	20
32	148
27
95	33	54	37	16	
2	4	6	7	9	
2962	6	12
248	212
28
34	56	3	76	25	
2	4	5	7	8	
2976	6	12
151	44
29
16	32	62	76	14	
1	3	5	7	8	
3094	6	12
241	241
30
50	75	61	30	85	
1	3	4	6	8	
3108	10	20
300	212
31
34	90	39	59	16	
2	3	4	6	8	
3234	7	14
12	106
32
63	56	41	12	21	
1	2	3	4	6	
3246	6	12
74	19
33
12	30	14	53	26	
2	4	5	6	8	
3422	10	20
123	44
34
16	95	96	99	5	
2	3	4	5	7	
3444	10	20
120	38
35
69	79	97	64	72	
1	3	5	6	7	
3552	6	12
187	42
36
69	68	46	11	6	
2	3	4	6	8	
3555	9	18
293	68
37
36	13	23	36	5	
1	2	3	4	6	
3597	9	18
199	6
38
94	35	66	79	25	
2	3	4	6	8	
3915	9	18
136	131
39
27	73	7	99	75	
1	2	3	5	7	
3969	8	16
106	215
40
42	15	2	28	79	
2	3	4	6	7	
3984	7	14
51	246
41
26	43	6	60	85	
1	2	4	6	8	
4238	5	10
14	271
42
65	42	42	84	7	
2	4	5	7	8	
4424	5	10
165	276
43
31	82	13	5	61	
1	2	3	5	6	
4603	9	18
226	231
44
83	28	29	37	54	
2	3	5	6	8	
4752	6	12
188	54
45
12	77	20	31	40	
2	4	6	8	10	
5015	10	20
231	43
46
90	65	46	88	36	
1	3	5	7	8	
5058	7	14
7	256
47
31	88	35	68	67	
1	3	5	6	7	
5166	9	18
135	132
48
40	96	46	7	11	
1	3	4	6	7	
5181	8	16
105	186
49
29	44	60	42	68	
2	4	6	7	8	
5283	6	12
180	262
50
40	8	65	97	23	
2	4	5	7	8	
5366	6	12
180	242
51
30	97	32	15	54	
1	3	4	5	7	
5524	9	18
151	199
52
36	5	91	87	56	
2	3	4	5	6	
5534	5	10
102	84
53
5	52	13	12	12	
2	3	4	6	8	
5601	5	10
237	290
54
57	61	58	16	61	
1	2	4	6	8	
5613	5	10
225	257
55
68	3	71	17	6	
2	4	6	7	8	
5763	9	18
116	97
56
36	31	85	61	31	
2	3	4	5	6	
5838	6	12
29	146
57
13	96	39	3	12	
1	2	4	6	7	
5914	8	16
216	215
58
81	49	27	26	31	
2	4	5	7	9	
5925	10	20
118	296
59
56	77	6	22	78	
2	4	5	6	8	
5975	10	20
39	227
60
52	83	88	38	55	
2	3	4	5	7	
6020	6	12
204	52
61
89	50	31	56	96	
2	4	6	7	8	
6262	7	14
214	180
62
60	56	46	93	73	
1	2	4	5	7	
6289	8	16
248	106
63
92	11	20	2	40	
1	2	3	5	7	
6359	10	20
265	202
64
57	1	80	87	53	
2	3	4	5	6	
6483	7	14
160	242
65
48	64	11	50	40	
1	3	5	7	8	
6588	5	10
3	62
66
35	8	82	7	57	
1	2	4	5	7	
6603	10	20
90	174
67
35	54	13	64	24	
2	4	5	7	8	
6666	6	12
2	108
68
24	24	41	18	54	
2	3	4	6	8	
6687	8	16
194	76
69
39	54	100	42	84	
1	2	4	5	6	
6820	6	12
161	8
20	244
163	5