70	5	4000	18
0
94	20	44	28	94	
2	3	4	6	8	
140	5	10
31	223
1
58	76	96	90	30	
1	3	5	6	8	
142	9	18
291	186
2
85	27	96	75	96	
1	3	4	6	8	
250	9	18
152	31
3
89	83	45	87	46	
2	3	4	5	7	
280	6	12
295	17
4
81	93	8	37	62	
2	3	4	5	6	
703	7	14
192	231
5
15	61	2	56	88	
1	3	4	6	7	
821	7	14
249	150
6
29	65	42	13	53	
1	2	3	4	6	
905	9	18
24	193
7
45	68	52	85	64	
1	2	3	5	6	
914	10	20
288	35
8
68	47	58	34	31	
2	3	4	5	7	
940	10	20
279	182
9
70	61	99	69	36	
2	4	5	6	7	
1078	9	18
68	15
10
19	44	59	48	89	
2	3	5	7	9	
1333	10	20
220	52
11
25	29	7	52	46	
1	3	5	7	8	
1378	7	14
168	109
12
39	26	65	7	64	
1	2	4	6	7	
1379	8	16
258	287
13
23	92	95	20	47	
2	3	5	6	7	
1405	6	12
179	174
14
2	40	45	43	12	
2	3	5	6	7	
1439	9	18
275	129
15
48	89	44	96	30	
2	3	5	7	8	
1452	6	12
274	27
16
23	56	33	6	13	
1	2	3	4	5	
1565	6	12
175	26
17
47	67	15	34	33	
2	4	6	7	9	
1894	10	20
144	257
18
1	82	37	17	73	
1	3	5	7	8	
1977	6	12
70	297
19
74	86	69	63	32	
1	3	5	6	7	
2107	5	10
272	38
20
31	75	61	34	42	
1	2	3	4	5	
2146	6	12
281	96
21
15	11	47	88	96	
1	3	4	5	6	
2296	6	12
297	63
22
75	30	2	15	58	
2	4	5	6	8	
2343	8	16
230	265
23
45	31	83	74	51	
2	3	5	6	7	
2395	9	18
76	51
24
80	70	66	55	74	
1	2	3	5	7	
2585	9	18
203	192
25
52	82	23	44	97	
2	3	4	5	6	
2765	10	20
180	175
26
84	7	94	16	83	
1	3	5	6	8	
2871	5	10
224	245
27
96	57	4	4	46	
1	2	4	6	7	
2879	8	16
214	70
28
82	29	69	49	1	
2	3	4	5	6	
2919	7	14
141	298
29
39	71	17	31	4	
2	3	5	6	7	
2963	10	20
18	288
30
76	38	24	93	47	
2	4	5	7	8	
2964	7	14
283	74
31
35	52	35	36	36	
2	4	6	7	9	
2979	9	18
212	189
32
97	22	53	100	40	
2	3	5	7	9	
3033	8	16
87	283
33
80	17	6	60	23	
1	3	4	6	8	
3453	10	20
201	287
34
11	71	99	94	27	
2	4	5	6	8	
3503	6	12
161	180
35
79	51	58	89	60	
1	2	3	5	7	
3568	7	14
69	107
36
59	22	49	57	22	
2	4	6	7	9	
3578	8	16
198	250
37
95	19	18	44	94	
2	3	4	6	7	
3589	7	14
266	207
38
66	63	73	43	100	
2	4	6	7	9	
3682	6	12
236	243
39
9	72	80	51	72	
2	3	4	6	7	
3823	8	16
298	87
40
13	6	71	74	10	
2	3	4	5	7	
3943	10	20
151	266
41
17	84	73	90	20	
2	4	5	7	8	
4050	5	10
293	257
42
54	91	15	83	79	
1	2	3	4	6	
4227	9	18
118	49
43
63	20	20	46	44	
1	2	4	6	7	
4313	8	16
183	91
44
5	58	13	3	97	
1	2	3	5	6	
4341	6	12
139	122
45
48	1	10	1	7	
2	4	6	7	9	
4398	7	14
120	25
46
21	38	20	74	19	
2	4	5	6	7	
4538	7	14
253	216
47
76	79	96	60	11	
1	2	4	6	8	
4633	7	14
91	46
48
22	99	59	53	6	
2	3	5	6	8	
4633	5	10
53	183
49
83	23	60	91	72	
2	3	4	5	7	
4718	5	10
101	267
50
26	5	85	65	30	
1	2	3	4	5	
4800	7	14
10	201
51
73	30	61	34	33	
1	2	4	6	7	
5042	5	10
262	200
52
44	85	67	52	58	
2	4	6	7	8	
5072	6	12
234	12
53
75	66	56	63	53	
1	3	4	5	6	
5078	5	10
241	166
54
5	69	73	29	10	
1	2	4	5	7	
5257	7	14
64	159
55
74	77	21	83	76	
1	2	4	6	8	
5298	7	14
236	54
56
60	59	71	85	57	
1	3	4	6	7	
5534	9	18
78	15
57
87	41	92	4	22	
1	2	3	4	6	
5827	9	18
198	174
58
100	3	66	10	7	
2	3	4	5	7	
5882	7	14
6	8
59
22	3	17	63	11	
1	3	4	6	8	
6009	8	16
214	75
60
16	55	61	14	71	
1	3	4	6	8	
6068	10	20
48	289
61
72	52	90	46	67	
1	3	4	5	7	
6263	7	14
75	172
62
40	93	93	13	93	
1	2	3	5	6	
6280	8	16
192	110
63
30	66	16	24	8	
2	4	5	7	9	
6446	8	16
296	25
64
56	30	25	92	46	
2	3	4	6	7	
6498	6	12
222	171
65
75	32	28	37	26	
1	3	4	5	7	
6579	6	12
88	193
66
70	11	77	46	26	
2	4	5	6	7	
6686	5	10
131	54
67
17	31	17	38	68	
2	3	4	6	8	
6905	9	18
122	159
68
9	18	90	40	73	
2	3	4	5	6	
6908	8	16
192	245
69
85	5	17	100	94	
2	3	5	7	9	
6947	6	12
40	66
6	83
151	195