70	5	4000	14
0
71	46	38	99	33	
2	4	5	6	7	
11	6	12
230	252
1
17	94	24	75	74	
2	3	4	6	8	
18	9	18
121	184
2
83	56	23	21	42	
2	4	5	6	7	
89	6	12
292	18
3
2	65	19	42	42	
2	4	6	7	8	
137	6	12
26	147
4
28	32	12	68	21	
1	2	3	5	6	
161	9	18
140	145
5
8	22	49	74	97	
2	4	6	7	8	
202	6	12
73	31
6
80	31	65	35	13	
2	4	6	8	9	
263	10	20
134	240
7
93	48	28	96	69	
1	2	3	4	6	
282	9	18
37	218
8
2	86	69	31	25	
2	3	4	6	7	
301	5	10
274	230
9
20	63	29	4	72	
1	2	3	4	6	
419	6	12
115	227
10
48	48	87	39	38	
2	3	4	5	6	
594	9	18
285	214
11
46	35	34	40	71	
2	4	5	7	8	
694	6	12
197	245
12
60	4	32	85	18	
1	2	3	4	6	
750	9	18
110	80
13
57	76	50	5	51	
2	3	5	7	8	
825	9	18
41	183
14
52	46	13	35	87	
1	3	4	5	6	
863	9	18
170	125
15
43	37	75	39	53	
2	4	6	8	9	
907	9	18
27	12
16
80	29	52	89	9	
1	2	4	6	8	
983	7	14
108	126
17
65	32	18	98	93	
1	2	3	4	5	
984	9	18
192	90
18
11	13	94	1	51	
1	2	4	6	7	
995	9	18
210	60
19
29	57	11	60	94	
2	4	6	7	8	
1194	7	14
117	220
20
64	67	80	71	8	
2	3	4	6	7	
1457	8	16
106	48
21
85	74	12	35	94	
1	2	3	5	7	
1592	7	14
147	113
22
83	50	75	25	88	
2	4	6	7	8	
1801	8	16
65	148
23
66	77	92	52	51	
2	3	4	5	6	
1912	9	18
201	146
24
2	98	92	61	71	
2	4	6	7	8	
2003	5	10
163	103
25
22	44	84	72	85	
1	2	3	5	7	
2021	9	18
174	41
26
46	98	53	88	69	
1	2	4	6	8	
2387	8	16
37	250
27
72	65	91	11	1	
2	3	4	6	7	
2428	5	10
286	29
28
37	80	70	37	8	
2	4	6	8	10	
2515	9	18
223	164
29
60	43	95	26	97	
1	2	4	6	7	
2554	7	14
121	179
30
55	34	74	95	31	
1	2	4	5	7	
2665	5	10
141	127
31
56	12	58	78	72	
2	3	5	6	7	
2747	10	20
255	162
32
97	49	79	75	51	
1	2	3	5	7	
2862	9	18
7	126
33
6	76	42	22	91	
2	3	5	6	8	
3189	7	14
252	293
34
38	67	53	94	17	
1	3	5	7	9	
3201	10	20
288	70
35
80	85	22	53	23	
2	4	6	7	9	
3299	7	14
204	132
36
14	25	80	60	41	
1	2	3	4	6	
3328	5	10
276	131
37
9	86	77	77	56	
1	2	3	5	6	
3360	9	18
4	278
38
23	21	25	11	93	
2	3	4	5	6	
3454	6	12
108	71
39
16	81	14	55	72	
1	3	5	7	8	
3454	6	12
179	290
40
11	82	39	11	65	
2	4	6	7	8	
3520	6	12
237	69
41
10	54	30	72	15	
1	2	4	5	7	
3670	5	10
251	92
42
46	36	56	57	54	
2	4	5	6	8	
3702	7	14
238	70
43
34	6	6	34	23	
2	4	5	7	9	
3786	8	16
38	95
44
14	22	54	15	15	
2	4	5	7	9	
3847	10	20
189	34
45
66	66	37	26	95	
1	2	4	6	8	
4300	6	12
131	187
46
59	15	17	73	28	
1	3	4	6	7	
4305	10	20
81	129
47
67	93	31	81	72	
1	3	4	5	6	
4475	6	12
139	186
48
97	94	99	35	72	
2	4	6	8	9	
4593	10	20
25	222
49
49	17	19	97	22	
1	2	4	5	7	
4616	5	10
113	257
50
77	99	5	54	22	
2	3	5	7	8	
4678	9	18
59	293
51
95	55	27	39	17	
2	3	5	6	8	
4697	7	14
243	151
52
24	52	6	16	32	
2	4	5	7	8	
4707	6	12
227	181
53
33	48	32	57	61	
1	2	4	6	8	
5037	7	14
179	162
54
50	95	59	62	6	
1	3	5	6	7	
5092	5	10
43	103
55
100	64	26	46	77	
1	3	4	5	7	
5154	9	18
172	71
56
35	61	27	21	12	
2	3	4	6	7	
5158	6	12
104	290
57
44	2	54	24	13	
1	3	4	6	8	
5348	10	20
124	54
58
31	82	17	74	94	
2	4	6	7	8	
5391	9	18
216	181
59
38	28	36	43	56	
2	4	6	7	9	
5514	9	18
194	131
60
71	65	95	26	77	
2	4	5	7	9	
5683	6	12
288	244
61
9	23	64	79	34	
2	4	6	8	9	
5719	6	12
54	136
62
48	71	95	16	73	
1	3	4	5	6	
6162	5	10
202	279
63
99	70	95	1	12	
1	3	5	7	9	
6301	9	18
196	160
64
9	45	92	59	83	
2	3	5	6	7	
6302	6	12
27	241
65
47	100	78	26	93	
1	3	4	5	6	
6410	7	14
94	54
66
44	75	27	87	38	
1	3	4	6	7	
6547	8	16
297	41
67
44	42	57	20	71	
2	4	6	7	9	
6564	6	12
114	211
68
81	75	85	32	68	
1	2	4	5	7	
6704	5	10
127	80
69
11	13	46	41	4	
2	4	6	7	8	
6924	10	20
264	223
222	126
211	204