70	5	4000	19
0
49	12	25	82	23	
1	3	5	7	9	
195	5	10
168	273
1
95	92	48	9	49	
2	4	5	6	7	
296	9	18
157	116
2
63	1	75	56	16	
2	4	6	8	9	
354	6	12
118	112
3
2	90	94	40	22	
2	3	4	6	7	
919	7	14
295	134
4
17	35	17	34	83	
2	3	4	5	6	
1006	6	12
256	161
5
69	20	18	13	93	
2	3	5	7	9	
1119	7	14
168	262
6
13	75	98	36	33	
2	4	5	7	8	
1167	6	12
30	151
7
10	23	21	25	29	
1	2	3	5	6	
1330	8	16
68	209
8
3	14	32	98	82	
2	3	5	6	7	
1392	5	10
26	179
9
66	13	16	66	90	
2	3	5	6	7	
1675	10	20
232	292
10
31	65	63	5	38	
2	4	5	7	9	
1685	8	16
120	208
11
45	42	23	4	66	
1	2	4	6	8	
1766	8	16
117	280
12
83	45	28	100	60	
1	3	4	6	8	
1989	6	12
156	254
13
82	66	42	17	17	
1	2	4	6	8	
2048	8	16
207	293
14
77	97	18	71	94	
2	3	5	7	8	
2073	8	16
257	90
15
47	41	8	71	54	
2	3	5	6	8	
2146	9	18
286	42
16
19	61	78	21	17	
2	4	6	8	9	
2290	10	20
116	98
17
83	85	41	4	46	
2	4	6	7	8	
2313	9	18
181	25
18
27	7	11	42	78	
2	4	5	7	9	
2469	9	18
285	244
19
6	30	99	82	48	
2	3	4	5	6	
2520	6	12
110	175
20
40	63	88	57	44	
1	3	4	6	8	
2659	9	18
59	153
21
18	100	45	57	42	
1	3	4	5	7	
2667	7	14
186	110
22
8	43	41	11	48	
1	2	4	5	6	
2673	8	16
127	129
23
82	55	20	76	54	
2	4	6	8	10	
2744	7	14
275	265
24
48	76	9	74	1	
2	4	5	7	8	
3037	8	16
46	70
25
14	92	73	5	82	
2	4	6	8	9	
3047	5	10
174	195
26
58	100	28	43	60	
1	2	4	5	7	
3073	6	12
107	97
27
3	38	59	66	46	
2	4	6	7	9	
3097	6	12
52	91
28
70	91	52	55	17	
2	3	5	6	8	
3140	6	12
266	70
29
20	22	42	72	9	
1	3	4	6	7	
3215	6	12
147	192
30
84	37	71	36	31	
2	3	4	5	6	
3246	6	12
169	265
31
50	20	69	35	42	
1	2	4	6	7	
3373	7	14
265	140
32
65	98	93	80	37	
2	4	5	6	7	
3374	8	16
88	131
33
39	12	94	27	6	
2	3	5	7	8	
3479	5	10
295	65
34
30	5	4	67	18	
1	2	4	6	8	
3655	7	14
278	117
35
18	90	70	92	100	
2	4	5	7	9	
3675	7	14
155	98
36
63	86	32	34	7	
2	3	5	6	8	
3691	8	16
190	269
37
50	29	34	69	18	
1	3	4	5	7	
3712	9	18
215	232
38
49	66	49	73	50	
1	3	5	6	7	
3725	9	18
86	93
39
60	26	47	33	39	
2	3	4	6	7	
3732	10	20
143	214
40
68	31	42	41	32	
1	3	5	6	7	
3999	8	16
109	109
41
85	2	47	80	45	
1	3	5	7	8	
4071	8	16
109	63
42
83	48	87	55	36	
1	2	4	6	7	
4111	6	12
106	221
43
95	89	83	88	58	
2	3	4	6	8	
4315	9	18
194	260
44
56	22	57	68	62	
2	3	5	6	7	
4448	7	14
131	12
45
27	28	2	80	43	
2	4	6	8	10	
4484	8	16
182	245
46
26	49	21	39	50	
2	3	4	6	8	
4494	6	12
59	134
47
77	18	11	94	84	
2	3	4	5	7	
4656	8	16
146	212
48
49	56	2	28	78	
1	3	4	5	6	
4700	10	20
227	148
49
29	43	66	91	31	
1	2	4	6	8	
4793	9	18
46	90
50
19	67	76	27	71	
1	3	4	5	7	
4841	9	18
113	258
51
18	38	51	39	29	
1	2	3	4	6	
4871	8	16
2	59
52
61	89	54	34	75	
2	3	4	6	7	
4913	6	12
258	76
53
30	57	87	20	75	
1	3	4	5	6	
4988	10	20
186	231
54
83	21	25	97	17	
2	4	6	7	9	
5342	6	12
37	108
55
41	62	71	88	11	
2	3	5	6	8	
5358	6	12
124	194
56
100	6	96	26	64	
2	3	5	7	8	
5361	6	12
290	47
57
93	41	7	82	38	
2	4	6	7	8	
5379	10	20
57	77
58
53	63	91	8	63	
1	3	4	6	8	
5543	6	12
218	23
59
78	68	44	33	28	
2	4	5	6	7	
5608	8	16
116	166
60
71	49	9	35	42	
2	3	4	5	7	
5784	6	12
120	111
61
50	27	98	44	91	
1	3	5	7	9	
5816	10	20
235	280
62
26	46	16	44	68	
1	3	5	7	9	
6000	6	12
253	290
63
61	15	93	12	63	
1	3	5	6	8	
6206	6	12
32	47
64
46	37	95	6	95	
1	2	4	6	7	
6274	10	20
299	116
65
65	39	37	6	18	
1	3	5	6	7	
6281	6	12
126	181
66
79	20	99	46	13	
2	3	5	6	7	
6290	6	12
187	105
67
40	76	97	35	16	
2	4	6	8	10	
6352	9	18
92	162
68
24	55	8	57	43	
2	4	6	8	10	
6524	7	14
51	274
69
33	51	90	80	10	
1	2	4	5	6	
6721	10	20
4	249
279	28
82	222