70	5	4000	4
0
23	77	56	83	34	
1	3	5	6	7	
47	6	12
29	255
1
78	84	23	99	99	
2	3	5	6	8	
110	5	10
62	188
2
46	65	98	11	48	
2	4	6	8	9	
293	6	12
93	234
3
87	44	96	28	38	
2	3	5	6	8	
362	6	12
278	295
4
3	87	89	43	89	
2	4	5	7	8	
370	6	12
171	156
5
69	21	26	55	12	
1	2	4	6	8	
405	10	20
97	48
6
49	14	27	30	29	
1	3	5	6	8	
747	8	16
121	75
7
10	82	48	50	55	
2	4	5	6	8	
882	7	14
19	199
8
10	88	26	91	59	
2	3	5	7	8	
964	10	20
218	188
9
18	51	86	52	17	
1	3	5	7	8	
995	8	16
155	93
10
58	58	6	26	39	
1	3	4	5	6	
1036	5	10
205	252
11
34	98	69	10	71	
1	3	5	7	9	
1078	7	14
77	155
12
6	27	91	58	27	
1	2	3	5	6	
1207	9	18
275	13
13
38	8	97	59	100	
2	3	4	6	8	
1223	9	18
235	59
14
17	12	8	38	10	
1	2	3	4	5	
1378	10	20
148	3
15
30	66	69	21	2	
1	2	4	6	8	
1620	10	20
66	283
16
71	23	47	66	9	
2	4	6	8	10	
1653	5	10
159	62
17
36	50	67	32	51	
1	2	3	5	6	
1654	7	14
43	118
18
97	96	91	42	19	
2	4	6	8	10	
1838	7	14
217	145
19
18	34	17	46	71	
1	2	4	6	7	
1852	7	14
2	184
20
77	81	50	17	53	
1	2	4	6	8	
1960	5	10
68	122
21
66	95	86	9	49	
2	4	6	7	9	
2116	6	12
70	35
22
63	56	60	49	35	
2	3	5	7	8	
2146	7	14
56	270
23
96	87	88	63	27	
2	3	4	5	7	
2186	7	14
182	185
24
72	31	62	20	43	
1	3	4	6	7	
2261	8	16
160	169
25
65	34	15	60	78	
1	2	3	4	6	
2294	5	10
273	118
26
5	54	46	56	6	
2	4	5	6	8	
2543	7	14
210	202
27
91	13	30	49	6	
2	4	6	8	9	
2576	6	12
105	217
28
94	93	50	100	78	
1	2	4	5	6	
2629	10	20
83	242
29
41	20	96	25	16	
2	4	6	8	9	
2756	5	10
58	110
30
29	22	78	17	4	
1	2	3	5	7	
2922	6	12
247	138
31
11	80	96	59	3	
2	3	4	5	7	
3276	7	14
3	6
32
28	9	62	82	98	
2	4	5	7	9	
3288	5	10
122	98
33
98	86	4	77	72	
2	4	6	8	9	
3429	8	16
168	218
34
27	36	90	24	33	
1	2	3	5	6	
3494	8	16
42	196
35
76	75	38	69	62	
1	2	3	5	6	
3576	10	20
148	128
36
23	24	3	68	62	
1	2	3	5	7	
3620	8	16
39	126
37
17	99	3	8	39	
2	3	5	7	8	
3934	8	16
290	212
38
24	64	64	51	100	
2	3	4	6	7	
3965	9	18
187	207
39
10	7	16	8	88	
1	3	4	6	7	
4385	10	20
125	168
40
30	32	34	54	58	
1	3	5	7	9	
4459	10	20
136	147
41
85	96	65	50	59	
1	3	4	6	7	
4560	6	12
195	96
42
78	74	41	78	13	
1	3	4	6	7	
4564	6	12
171	13
43
95	30	43	91	27	
1	3	4	5	6	
4657	6	12
242	215
44
92	94	28	50	29	
1	2	4	5	7	
4720	6	12
35	129
45
70	8	59	2	12	
2	3	4	5	7	
4870	7	14
72	45
46
78	6	77	83	40	
1	2	4	5	7	
4942	5	10
300	243
47
98	8	44	22	35	
1	3	4	6	7	
4971	8	16
194	132
48
36	21	46	84	75	
1	2	3	4	6	
5048	9	18
264	159
49
84	18	11	30	31	
2	3	5	7	8	
5048	9	18
7	274
50
32	65	46	74	43	
2	3	4	5	6	
5422	6	12
125	216
51
70	98	61	34	52	
2	4	5	6	7	
5508	5	10
147	199
52
85	97	22	43	93	
2	3	5	6	7	
5533	5	10
196	110
53
9	75	98	30	11	
1	2	4	5	6	
5544	7	14
70	156
54
54	38	38	2	62	
1	2	4	5	7	
5654	8	16
138	131
55
89	93	46	79	21	
2	3	5	7	9	
5873	6	12
248	84
56
89	98	59	36	50	
2	3	4	5	7	
5892	9	18
197	164
57
23	40	77	48	42	
2	4	6	7	8	
6047	5	10
2	173
58
25	63	7	60	51	
1	2	4	5	7	
6142	5	10
70	197
59
2	81	6	96	64	
2	4	5	6	7	
6293	8	16
297	117
60
11	36	5	57	39	
2	4	5	6	8	
6396	9	18
187	103
61
22	66	48	42	48	
2	4	5	7	9	
6404	10	20
13	7
62
21	80	71	44	73	
1	3	5	6	8	
6569	10	20
213	21
63
74	31	23	14	91	
2	4	6	7	8	
6708	5	10
33	39
64
21	15	79	78	62	
1	2	3	5	6	
6717	9	18
211	295
65
75	3	88	65	55	
1	2	3	4	5	
6805	7	14
181	46
66
42	73	52	19	47	
1	2	3	5	6	
6825	9	18
68	83
67
2	84	60	52	82	
2	3	5	7	9	
6847	7	14
54	25
68
42	26	61	12	52	
2	4	5	6	7	
6933	6	12
170	300
69
78	64	62	89	68	
1	2	3	4	5	
6961	7	14
108	210
131	2
59	232