70	5	4000	9
0
14	2	49	72	34	
2	4	5	7	9	
40	8	16
234	135
1
97	76	14	21	67	
1	3	4	6	7	
385	10	20
220	10
2
57	27	9	79	8	
2	3	4	5	6	
418	6	12
155	261
3
34	91	6	95	93	
2	4	5	6	7	
525	6	12
136	232
4
15	12	69	31	63	
1	2	4	6	7	
593	7	14
207	261
5
7	35	17	52	62	
1	2	4	5	7	
596	7	14
8	201
6
5	100	33	81	28	
2	3	5	6	7	
655	6	12
215	268
7
52	56	41	99	96	
1	2	3	4	5	
810	8	16
148	252
8
62	93	95	60	93	
2	4	6	8	9	
999	6	12
78	292
9
95	1	74	1	67	
2	4	6	7	9	
1036	5	10
176	262
10
36	79	5	91	29	
1	2	3	5	7	
1058	9	18
300	251
11
17	6	46	81	23	
1	3	4	6	7	
1083	6	12
219	158
12
43	61	68	94	71	
1	2	4	5	6	
1198	10	20
293	233
13
38	32	84	63	54	
2	4	5	7	8	
1203	9	18
44	119
14
46	37	5	20	52	
1	3	4	5	7	
1220	10	20
293	66
15
33	95	6	19	93	
1	2	4	5	6	
1238	9	18
295	134
16
74	99	9	14	73	
2	3	5	6	7	
1240	9	18
169	66
17
32	89	70	89	54	
2	3	5	7	8	
1297	5	10
276	243
18
36	28	30	30	100	
1	3	5	6	8	
1348	8	16
255	57
19
80	32	13	9	8	
1	2	3	5	7	
1640	10	20
223	57
20
30	42	100	77	58	
2	3	4	6	8	
1688	5	10
172	114
21
59	81	59	32	28	
1	3	4	6	8	
1777	10	20
271	62
22
35	25	42	66	83	
2	3	4	6	8	
1804	8	16
91	133
23
2	49	74	35	61	
1	2	3	4	5	
1871	9	18
195	127
24
57	39	64	13	76	
2	3	5	7	8	
1898	6	12
173	111
25
41	79	10	41	49	
1	3	4	6	7	
1924	8	16
4	262
26
31	53	68	90	9	
1	2	3	5	6	
1937	7	14
118	107
27
32	39	89	94	28	
1	3	5	6	8	
2018	10	20
177	153
28
36	30	78	56	10	
1	2	4	5	6	
2132	7	14
257	105
29
39	68	8	82	82	
1	3	5	6	7	
2189	10	20
284	31
30
61	53	51	35	3	
2	3	5	6	8	
2204	10	20
39	179
31
73	90	88	43	51	
1	3	4	5	6	
2254	5	10
122	248
32
24	53	92	23	33	
1	3	4	6	8	
2804	5	10
164	268
33
96	37	41	37	52	
1	3	4	6	7	
2965	9	18
135	8
34
69	80	94	28	53	
2	3	4	5	6	
3152	7	14
245	82
35
44	70	79	67	85	
2	4	5	6	8	
3284	10	20
147	134
36
61	61	63	26	85	
2	3	5	7	9	
3319	5	10
196	216
37
58	36	54	89	52	
2	4	6	7	8	
3346	10	20
159	146
38
88	22	3	37	73	
2	4	6	8	10	
3351	5	10
223	157
39
74	95	97	57	34	
1	2	4	5	6	
3481	8	16
57	175
40
63	1	45	16	19	
2	4	5	6	8	
3484	8	16
292	69
41
66	96	58	77	2	
2	4	6	8	10	
3561	5	10
253	97
42
86	91	60	83	63	
1	2	3	4	5	
3589	5	10
22	190
43
59	49	59	84	90	
1	2	3	5	6	
3650	6	12
24	287
44
88	21	50	30	25	
2	3	5	6	8	
3765	5	10
139	51
45
81	32	10	2	96	
1	3	4	5	7	
3848	6	12
49	180
46
65	6	39	21	38	
1	2	3	5	6	
3886	7	14
51	62
47
26	22	3	3	83	
2	3	4	5	6	
3911	10	20
2	56
48
73	14	77	43	52	
2	3	5	7	8	
4134	10	20
16	208
49
30	5	47	44	58	
1	2	4	6	7	
4527	9	18
270	136
50
62	27	26	83	48	
1	2	3	5	7	
4912	6	12
269	289
51
61	11	42	24	10	
1	3	5	6	7	
5116	10	20
130	185
52
8	60	30	47	79	
1	3	5	6	8	
5393	6	12
48	204
53
96	28	20	44	25	
1	2	3	5	6	
5447	7	14
165	46
54
81	59	61	69	80	
1	2	4	6	8	
5610	6	12
82	11
55
79	61	91	79	46	
1	2	4	5	6	
5792	5	10
78	102
56
87	80	20	59	15	
1	3	5	7	9	
5855	9	18
25	37
57
20	88	17	8	36	
2	4	5	6	7	
5869	7	14
163	192
58
44	28	37	7	82	
1	3	5	6	7	
5999	8	16
35	111
59
56	71	56	26	16	
1	2	4	5	6	
6028	6	12
48	129
60
72	59	74	8	98	
1	3	4	6	8	
6193	8	16
255	82
61
30	76	24	87	85	
1	3	4	6	7	
6205	10	20
191	231
62
38	58	54	100	87	
1	3	5	7	9	
6245	9	18
248	27
63
30	29	19	82	57	
1	3	4	5	6	
6297	10	20
113	142
64
33	23	49	81	90	
2	4	6	8	10	
6346	6	12
211	174
65
66	26	12	28	42	
2	4	5	6	8	
6433	8	16
104	175
66
20	8	93	100	68	
1	3	5	7	8	
6624	6	12
204	56
67
53	24	77	29	58	
1	2	3	5	6	
6711	5	10
49	85
68
20	58	44	67	59	
1	2	4	6	7	
6943	6	12
162	6
69
69	40	11	96	4	
2	4	5	6	8	
6975	9	18
131	40
209	282
238	12