70	5	4000	7
0
95	88	76	23	14	
2	4	5	7	8	
3	6	12
227	189
1
20	16	40	30	39	
1	3	4	6	7	
25	7	14
13	268
2
57	76	18	14	66	
2	3	5	7	8	
59	9	18
61	165
3
51	99	60	12	79	
2	4	5	6	7	
87	8	16
166	41
4
78	72	27	61	88	
2	3	4	5	7	
396	6	12
147	270
5
53	87	51	5	40	
1	3	5	6	8	
459	7	14
88	48
6
45	16	95	46	60	
1	3	4	5	7	
640	10	20
196	170
7
1	95	53	9	9	
1	3	5	6	7	
668	5	10
2	228
8
17	77	56	48	40	
1	3	5	7	8	
706	6	12
293	182
9
11	68	68	70	21	
2	4	6	7	8	
880	5	10
270	139
10
41	16	91	72	33	
1	2	3	4	5	
1177	7	14
74	45
11
69	24	98	87	43	
2	4	5	7	8	
1285	8	16
162	71
12
64	73	76	7	88	
2	3	4	5	6	
1317	9	18
163	62
13
79	55	91	52	100	
1	2	3	5	7	
1460	9	18
261	158
14
100	64	5	88	74	
1	3	4	6	7	
1626	8	16
205	10
15
80	59	5	64	91	
1	2	4	5	6	
1946	7	14
257	200
16
7	34	22	66	74	
2	3	4	5	6	
2235	7	14
187	16
17
38	94	18	7	45	
2	3	4	6	7	
2386	6	12
197	219
18
38	40	98	86	72	
1	3	4	5	6	
2592	7	14
8	239
19
2	9	54	70	86	
1	2	4	6	8	
2676	6	12
148	51
20
62	90	88	25	97	
1	3	4	6	8	
2730	9	18
24	134
21
79	43	47	16	50	
2	4	5	7	8	
3007	9	18
102	230
22
84	87	15	99	67	
1	2	3	4	6	
3065	7	14
260	60
23
47	29	63	25	70	
1	3	4	6	7	
3143	7	14
223	85
24
81	24	51	98	64	
1	3	5	7	8	
3456	7	14
33	37
25
9	29	18	13	43	
2	3	4	5	7	
3530	8	16
254	256
26
81	47	76	57	5	
1	3	5	6	7	
3566	9	18
104	185
27
91	69	88	82	83	
2	3	5	7	9	
3580	6	12
143	38
28
82	6	88	65	47	
1	3	5	6	8	
3728	9	18
272	136
29
14	37	1	22	77	
1	3	5	7	8	
3796	7	14
150	147
30
6	49	18	22	44	
2	3	4	5	7	
3907	5	10
186	50
31
4	97	66	89	30	
1	3	4	5	7	
3919	9	18
13	125
32
75	100	81	14	47	
2	3	4	6	7	
4108	8	16
169	195
33
64	49	75	35	78	
2	4	5	7	9	
4118	6	12
132	41
34
100	25	68	21	53	
2	3	4	6	7	
4147	5	10
109	87
35
96	75	77	70	9	
2	3	4	6	8	
4156	10	20
53	10
36
18	38	8	40	34	
2	4	5	7	9	
4162	6	12
199	104
37
76	53	87	82	55	
2	4	5	6	7	
4168	8	16
134	111
38
73	92	39	28	41	
2	3	4	5	6	
4186	8	16
74	281
39
39	88	18	100	87	
1	2	4	5	6	
4283	5	10
219	3
40
39	43	95	93	74	
1	2	3	5	6	
4308	9	18
119	190
41
45	27	81	39	49	
1	2	4	5	6	
4325	9	18
162	160
42
61	41	37	26	49	
1	2	4	6	7	
4427	6	12
187	101
43
58	84	50	10	50	
2	3	5	6	7	
4437	7	14
99	166
44
92	49	21	28	19	
2	4	5	6	7	
4536	6	12
82	21
45
51	92	84	69	48	
1	2	3	5	6	
4687	8	16
292	194
46
61	83	53	62	13	
2	3	4	6	7	
4793	7	14
291	266
47
99	35	29	45	40	
2	3	4	6	8	
4804	8	16
12	49
48
95	28	38	28	25	
2	3	5	7	8	
4824	7	14
23	300
49
54	49	42	60	52	
1	2	3	5	6	
4955	7	14
71	33
50
25	84	77	36	84	
1	2	4	5	7	
5000	8	16
78	273
51
53	94	6	9	95	
1	2	4	5	7	
5070	5	10
188	165
52
63	83	14	17	38	
2	3	5	7	9	
5175	7	14
194	121
53
65	8	68	12	30	
1	3	5	6	8	
5309	6	12
4	270
54
77	62	59	85	79	
2	4	6	7	9	
5659	6	12
237	225
55
31	34	28	90	64	
1	2	4	5	7	
5797	9	18
36	184
56
8	35	38	99	34	
2	3	5	6	7	
5896	8	16
179	215
57
6	56	11	90	40	
1	2	3	4	6	
6048	10	20
253	95
58
42	31	28	63	75	
2	4	5	7	9	
6192	7	14
284	92
59
15	25	4	42	26	
1	3	5	7	8	
6340	9	18
5	241
60
98	76	44	90	36	
1	3	4	6	7	
6341	5	10
63	191
61
76	50	2	92	96	
1	3	4	5	7	
6381	6	12
194	212
62
84	1	79	10	54	
1	3	5	6	7	
6461	8	16
11	11
63
46	39	52	2	84	
2	3	4	5	7	
6472	10	20
95	119
64
60	12	95	61	62	
1	2	3	4	5	
6602	6	12
118	226
65
10	74	17	65	85	
1	2	4	6	8	
6610	9	18
80	118
66
18	6	82	82	22	
1	2	4	6	7	
6812	5	10
60	197
67
100	9	53	57	48	
1	2	4	5	7	
6844	7	14
65	81
68
11	76	65	98	27	
1	2	4	5	6	
6944	7	14
75	258
69
37	40	44	38	95	
1	2	3	4	5	
6956	8	16
6	257
174	107
163	292