70	5	4000	1
0
37	88	16	85	30	
2	3	4	5	6	
58	6	12
293	169
1
45	43	19	42	96	
2	3	5	7	9	
156	8	16
160	190
2
41	80	61	95	88	
2	4	6	8	10	
156	9	18
125	20
3
3	2	77	20	56	
2	4	5	6	8	
550	6	12
10	13
4
61	51	98	20	70	
1	2	3	4	5	
586	8	16
96	198
5
42	83	48	26	89	
1	3	5	7	8	
667	9	18
75	25
6
39	10	51	43	6	
1	3	5	7	8	
871	8	16
283	258
7
13	73	72	39	86	
1	3	4	5	6	
949	7	14
41	7
8
33	18	46	67	57	
2	3	5	7	8	
978	6	12
67	87
9
23	37	36	31	76	
1	3	4	6	7	
1023	10	20
27	129
10
65	40	31	62	87	
2	4	5	7	8	
1143	9	18
113	187
11
26	98	16	10	63	
1	2	3	5	6	
1227	5	10
96	27
12
59	91	96	20	77	
1	2	4	6	7	
1263	10	20
266	159
13
60	32	78	39	43	
1	3	5	7	8	
1293	6	12
94	21
14
90	12	79	17	22	
1	2	3	5	6	
1356	10	20
177	33
15
100	85	82	98	21	
2	3	4	6	7	
1376	10	20
75	285
16
15	41	5	76	54	
2	3	4	5	6	
1503	10	20
68	252
17
67	12	51	12	55	
2	3	5	6	7	
1535	6	12
100	276
18
61	16	63	93	63	
2	4	6	8	9	
1633	8	16
116	112
19
53	44	95	56	79	
2	3	4	6	7	
1728	7	14
114	118
20
32	29	63	23	80	
1	2	4	6	8	
1755	8	16
241	98
21
38	30	90	77	73	
2	3	5	7	8	
1914	8	16
192	68
22
55	33	5	23	25	
1	3	4	6	7	
1915	10	20
248	285
23
72	54	100	52	16	
2	3	5	6	7	
1941	7	14
114	55
24
76	63	21	23	80	
1	2	3	5	7	
2006	10	20
157	136
25
82	19	1	92	38	
1	3	5	6	8	
2110	7	14
182	55
26
14	52	50	46	87	
2	4	6	8	9	
2224	8	16
191	230
27
1	7	36	33	40	
2	3	4	5	7	
2396	5	10
61	144
28
43	98	29	68	52	
2	4	5	6	7	
2500	7	14
121	290
29
85	54	51	44	13	
1	3	5	6	7	
2524	9	18
168	32
30
79	25	43	71	49	
1	3	4	5	7	
2564	8	16
128	281
31
9	33	12	71	45	
1	3	5	7	9	
2730	9	18
157	257
32
91	95	34	61	67	
2	4	6	7	8	
2832	9	18
23	230
33
91	25	86	65	38	
1	3	5	7	8	
3068	6	12
126	131
34
32	76	68	27	38	
2	4	5	7	8	
3139	5	10
242	172
35
97	51	5	17	78	
2	3	5	6	7	
3342	5	10
205	162
36
89	70	81	92	28	
2	3	4	6	8	
3615	8	16
229	197
37
87	43	93	88	57	
2	3	4	6	8	
3681	7	14
123	288
38
94	96	75	49	19	
1	2	3	5	6	
3826	7	14
260	14
39
51	55	100	91	17	
1	2	3	4	6	
3917	9	18
236	22
40
95	55	97	88	30	
1	3	4	5	7	
4392	7	14
28	281
41
74	23	15	36	91	
2	3	4	6	7	
4440	5	10
24	89
42
12	74	30	32	23	
1	3	4	5	6	
4586	8	16
89	276
43
4	28	11	87	26	
2	3	4	6	8	
4695	7	14
194	117
44
90	51	83	19	56	
2	4	5	6	7	
4785	5	10
271	183
45
63	16	68	17	62	
1	2	3	5	7	
4835	10	20
32	52
46
28	19	28	77	40	
2	4	5	6	8	
4919	5	10
118	16
47
9	56	9	87	70	
1	3	4	6	7	
4979	7	14
63	183
48
49	53	34	19	85	
1	3	4	5	6	
5086	6	12
293	234
49
52	12	18	42	21	
1	3	5	6	8	
5130	5	10
121	295
50
48	42	33	33	58	
1	2	4	6	8	
5148	5	10
27	31
51
45	71	47	15	66	
2	3	4	6	7	
5191	8	16
157	109
52
52	61	55	72	36	
2	3	5	7	9	
5327	5	10
115	235
53
3	21	52	16	64	
1	2	3	5	6	
5457	5	10
201	170
54
32	67	7	2	54	
1	3	5	7	9	
5674	7	14
99	274
55
66	50	31	64	81	
1	2	4	6	7	
5755	7	14
250	191
56
79	45	50	82	51	
1	3	4	5	7	
5843	6	12
126	93
57
51	41	25	86	25	
1	3	4	5	7	
6001	7	14
273	100
58
85	22	76	49	25	
1	2	3	5	7	
6033	7	14
73	32
59
88	54	45	85	82	
1	2	3	4	6	
6093	8	16
68	136
60
31	63	57	59	99	
2	3	5	7	8	
6144	6	12
22	229
61
25	97	81	23	67	
2	4	6	7	8	
6172	10	20
232	178
62
10	8	15	10	5	
1	2	3	5	6	
6275	6	12
84	300
63
8	6	59	5	47	
1	3	4	5	6	
6363	5	10
189	35
64
36	70	52	92	51	
1	3	5	6	7	
6418	8	16
1	272
65
33	60	98	63	60	
2	3	4	6	8	
6468	8	16
72	262
66
77	67	17	29	59	
1	2	3	4	6	
6597	5	10
250	135
67
57	45	92	39	90	
1	2	4	6	7	
6760	5	10
45	59
68
96	20	35	28	70	
1	2	3	5	7	
6907	5	10
116	23
69
86	38	14	46	28	
2	4	5	7	9	
6938	9	18
293	79
25	239
22	170