70	5	4000	6
0
21	83	43	78	79	
1	3	5	6	7	
199	9	18
128	178
1
77	38	8	20	54	
1	3	5	7	8	
284	9	18
187	299
2
87	6	12	30	69	
1	2	4	5	7	
416	6	12
126	222
3
20	92	82	62	6	
1	3	5	6	8	
493	9	18
275	264
4
5	83	19	3	65	
1	3	5	7	9	
595	9	18
60	32
5
63	77	3	98	35	
1	2	3	5	7	
666	6	12
218	46
6
79	44	9	18	65	
2	4	5	6	7	
710	8	16
124	51
7
66	1	42	61	80	
1	2	3	5	6	
848	8	16
1	40
8
10	10	64	86	97	
1	2	3	5	7	
959	6	12
105	233
9
36	57	37	58	37	
2	3	4	6	8	
964	9	18
278	299
10
10	60	3	45	89	
1	3	5	7	8	
989	10	20
56	203
11
39	33	70	17	9	
2	3	4	6	8	
1043	8	16
261	70
12
52	83	53	32	89	
2	4	6	7	9	
1098	7	14
80	78
13
66	4	66	14	19	
2	3	4	5	6	
1212	10	20
204	112
14
81	53	31	41	29	
1	3	4	6	8	
1395	6	12
219	282
15
17	69	87	37	92	
1	2	3	4	5	
1668	10	20
17	300
16
6	75	51	99	6	
2	4	5	6	7	
1683	8	16
251	136
17
47	99	14	57	85	
2	4	6	7	9	
1804	9	18
15	168
18
86	55	65	9	41	
1	3	5	7	9	
1834	5	10
277	36
19
62	74	86	53	68	
2	3	4	5	6	
1944	6	12
14	146
20
2	58	60	41	91	
1	3	4	5	7	
2083	6	12
173	210
21
6	20	66	79	84	
2	4	6	7	9	
2353	7	14
242	12
22
33	61	95	99	40	
2	4	5	6	7	
2413	5	10
18	273
23
84	62	9	5	14	
2	4	5	6	7	
2478	7	14
219	181
24
71	22	10	35	94	
2	3	4	6	7	
2478	7	14
46	288
25
25	8	49	24	8	
1	2	3	4	6	
2596	9	18
65	201
26
65	47	42	81	36	
2	4	5	6	7	
2798	6	12
200	40
27
17	84	14	63	22	
2	3	4	5	6	
2973	8	16
182	185
28
81	62	69	69	20	
2	4	5	7	9	
3187	7	14
43	122
29
89	32	69	100	89	
1	3	4	5	7	
3265	6	12
297	235
30
27	74	23	97	23	
2	3	5	6	8	
3320	8	16
91	279
31
9	20	75	44	83	
2	3	5	6	8	
3390	10	20
131	125
32
31	75	45	12	89	
1	2	4	5	6	
3527	7	14
175	39
33
25	97	92	80	68	
2	3	5	7	9	
3680	5	10
121	99
34
72	32	8	7	15	
2	4	5	7	8	
3740	9	18
294	70
35
68	99	41	22	87	
2	4	6	7	9	
3912	5	10
81	22
36
51	37	38	66	93	
2	4	5	7	9	
3973	7	14
159	36
37
48	60	11	75	22	
1	3	4	6	7	
4057	10	20
180	271
38
5	38	53	44	62	
1	2	4	5	7	
4091	6	12
140	272
39
92	8	93	27	79	
1	3	5	7	8	
4092	9	18
224	160
40
98	92	51	7	61	
2	4	5	7	8	
4188	6	12
130	257
41
30	95	9	30	23	
1	2	3	4	5	
4208	5	10
286	161
42
53	85	73	30	29	
2	4	6	7	8	
4284	10	20
15	182
43
25	10	4	38	28	
2	4	5	6	8	
4467	10	20
55	7
44
86	78	46	24	76	
2	4	6	8	10	
4490	10	20
24	203
45
100	63	56	57	61	
2	3	5	6	8	
4652	9	18
273	14
46
72	100	79	18	55	
1	2	4	5	7	
4797	6	12
150	164
47
57	71	47	61	1	
1	2	3	5	6	
4822	5	10
53	229
48
12	78	17	46	75	
1	2	4	6	8	
4830	9	18
258	167
49
36	23	95	43	82	
1	2	4	5	7	
4837	10	20
85	33
50
21	9	41	96	96	
2	3	5	7	8	
5525	7	14
16	181
51
95	69	10	75	76	
2	3	4	5	6	
5618	5	10
11	278
52
71	73	86	99	69	
1	3	4	6	8	
5765	9	18
192	122
53
53	26	25	57	61	
2	4	6	7	9	
5779	5	10
208	11
54
32	84	53	66	24	
1	3	4	5	7	
5791	9	18
111	213
55
91	29	59	15	90	
2	3	5	6	7	
5941	8	16
98	184
56
85	28	60	8	88	
1	2	4	5	6	
6019	6	12
37	286
57
35	24	58	8	5	
1	2	3	5	6	
6088	10	20
190	248
58
22	70	88	78	52	
2	3	4	5	6	
6261	10	20
187	199
59
93	72	51	50	38	
1	2	4	6	7	
6544	7	14
12	86
60
27	10	50	73	53	
1	3	4	5	6	
6587	9	18
75	103
61
4	66	92	5	95	
2	3	5	6	8	
6622	9	18
5	241
62
78	47	92	31	54	
2	4	6	8	10	
6624	10	20
195	207
63
75	97	97	4	61	
2	3	5	7	8	
6673	9	18
13	294
64
39	68	67	11	99	
2	3	5	6	7	
6702	9	18
180	178
65
5	7	16	78	89	
2	3	5	7	8	
6799	7	14
158	169
66
94	99	31	94	38	
2	3	5	7	8	
6832	6	12
65	175
67
17	33	39	35	29	
1	2	3	4	5	
6875	8	16
75	34
68
57	81	75	43	62	
2	3	5	6	7	
6939	6	12
250	106
69
13	72	24	19	8	
1	2	3	5	6	
6941	8	16
235	17
58	96
180	193