70	5	4000	11
0
98	88	75	71	41	
2	4	5	6	8	
83	7	14
136	1
1
6	33	29	85	47	
2	4	5	7	9	
125	9	18
214	161
2
69	8	10	25	35	
2	4	6	8	9	
207	6	12
168	40
3
72	91	41	97	16	
2	3	4	5	6	
376	7	14
19	140
4
37	43	91	4	2	
1	2	4	5	7	
414	5	10
103	57
5
69	96	23	27	85	
1	2	3	4	5	
586	8	16
83	2
6
25	51	80	96	19	
1	3	5	6	8	
592	6	12
37	81
7
30	48	18	86	87	
2	3	5	6	7	
604	9	18
244	115
8
26	88	93	98	5	
2	3	5	7	9	
667	9	18
136	275
9
18	85	57	81	82	
1	2	3	5	7	
763	8	16
150	281
10
92	27	25	70	34	
2	3	4	6	7	
775	10	20
230	40
11
54	63	5	48	71	
2	3	5	7	8	
823	5	10
48	293
12
71	46	62	33	92	
1	2	4	5	6	
979	6	12
193	47
13
100	12	30	73	71	
2	4	6	7	9	
1020	7	14
274	180
14
55	67	61	49	77	
1	3	4	6	8	
1072	9	18
74	129
15
58	77	85	14	53	
1	3	5	6	8	
1304	8	16
79	293
16
93	23	48	65	71	
2	3	5	6	8	
1348	9	18
31	169
17
32	81	1	48	3	
1	2	4	5	7	
1360	10	20
274	267
18
87	97	56	34	68	
2	4	6	7	9	
1434	7	14
258	41
19
87	25	82	7	47	
1	3	4	6	8	
1491	6	12
178	244
20
54	71	80	45	52	
2	3	5	7	9	
1515	8	16
176	191
21
81	90	44	20	51	
1	2	3	4	5	
1554	7	14
136	201
22
51	89	44	56	75	
1	2	4	5	6	
1566	6	12
289	264
23
7	32	97	32	37	
1	3	4	5	7	
1654	9	18
128	56
24
28	49	19	80	21	
2	4	6	7	9	
1690	5	10
231	34
25
7	97	68	55	7	
1	2	3	4	6	
1828	9	18
57	151
26
88	2	61	7	94	
1	3	5	6	8	
1852	7	14
145	105
27
99	27	28	8	74	
1	3	5	6	8	
2002	5	10
76	6
28
49	6	30	6	10	
2	3	5	7	8	
2023	7	14
156	243
29
23	61	26	42	75	
2	3	5	6	8	
2113	7	14
12	50
30
57	73	32	8	1	
1	3	5	7	8	
2301	6	12
124	153
31
48	97	82	86	17	
1	3	4	6	7	
2310	9	18
254	229
32
24	4	44	62	85	
1	3	5	6	8	
2377	7	14
41	267
33
67	5	85	19	54	
2	3	5	6	8	
2561	5	10
39	119
34
33	2	67	95	98	
1	2	3	5	7	
2585	10	20
249	225
35
55	14	86	16	21	
2	3	5	6	7	
2601	6	12
32	82
36
56	47	21	15	37	
1	3	4	6	7	
2604	9	18
61	23
37
84	94	19	80	52	
2	4	6	7	9	
2778	6	12
238	44
38
21	13	83	31	94	
1	3	4	5	6	
2812	8	16
165	282
39
26	73	10	6	51	
2	4	5	6	7	
2882	9	18
77	258
40
88	6	79	50	64	
2	4	6	7	9	
2904	9	18
36	180
41
22	48	14	73	55	
1	3	5	7	9	
3142	6	12
142	174
42
65	68	90	14	28	
1	3	4	6	7	
3313	7	14
50	0
43
78	16	71	9	17	
2	4	5	7	8	
3530	5	10
7	37
44
89	95	48	95	4	
1	2	4	5	7	
3547	6	12
113	81
45
4	42	79	50	19	
2	4	6	7	8	
3766	10	20
208	93
46
45	14	47	11	42	
1	3	4	6	8	
3866	10	20
131	279
47
92	84	95	97	65	
2	3	5	7	8	
4121	10	20
166	3
48
58	87	31	56	63	
2	3	5	7	8	
4140	8	16
28	262
49
46	43	98	68	15	
2	4	5	7	8	
4199	6	12
59	4
50
8	4	85	75	30	
1	3	4	6	8	
4238	10	20
234	104
51
58	50	17	32	25	
2	4	5	7	8	
4619	7	14
280	265
52
93	48	41	68	23	
2	4	6	7	8	
4856	10	20
276	179
53
96	42	4	34	80	
2	3	4	5	7	
4900	10	20
24	247
54
98	18	9	57	47	
2	3	5	7	9	
5189	8	16
90	81
55
89	4	4	69	20	
1	2	4	6	7	
5455	9	18
164	69
56
56	11	30	58	48	
2	4	6	7	8	
5566	5	10
239	267
57
67	63	69	62	46	
2	4	6	8	10	
5726	7	14
283	136
58
21	2	38	75	21	
2	4	6	7	8	
5729	8	16
177	2
59
36	35	37	89	24	
2	3	5	6	8	
5783	5	10
222	144
60
57	21	92	4	98	
1	3	5	6	8	
5883	8	16
292	243
61
32	59	23	87	99	
1	2	4	6	7	
5938	9	18
237	208
62
86	29	68	94	20	
2	3	5	7	8	
6337	5	10
117	199
63
62	51	32	35	76	
1	2	3	4	5	
6438	7	14
104	241
64
29	3	49	20	57	
1	2	3	5	6	
6462	8	16
25	95
65
92	99	6	52	33	
2	4	5	6	8	
6671	7	14
271	107
66
91	35	37	91	37	
1	2	3	4	5	
6713	8	16
59	1
67
39	68	97	18	25	
1	3	5	6	8	
6753	5	10
25	100
68
95	44	14	62	84	
1	3	4	5	7	
6813	7	14
101	257
69
94	43	4	88	9	
1	2	4	5	6	
6908	7	14
205	236
66	237
131	214