70	5	4000	16
0
38	74	44	74	52	
2	4	6	8	9	
85	5	10
86	223
1
89	19	26	6	26	
1	3	5	6	7	
142	6	12
284	267
2
10	100	81	15	21	
1	3	5	6	7	
256	8	16
208	251
3
49	65	93	74	47	
2	4	6	7	8	
458	5	10
143	43
4
4	91	76	97	61	
2	3	4	5	6	
484	6	12
36	194
5
28	2	96	88	80	
2	4	6	8	9	
590	7	14
14	260
6
42	20	27	60	15	
1	2	3	4	5	
592	5	10
272	38
7
74	57	55	68	98	
1	3	4	5	6	
761	8	16
108	187
8
33	100	47	69	13	
2	4	6	8	10	
924	10	20
160	190
9
43	49	84	9	94	
1	3	5	7	9	
1129	7	14
73	98
10
63	2	58	22	37	
1	3	4	6	7	
1165	7	14
229	156
11
39	2	46	11	2	
2	3	5	6	7	
1166	6	12
293	237
12
35	89	19	27	47	
2	3	5	6	8	
1179	6	12
43	231
13
33	25	97	62	48	
2	4	5	6	7	
1211	5	10
184	221
14
93	4	63	46	27	
1	2	4	6	7	
1238	9	18
36	262
15
65	4	43	51	8	
1	2	3	5	7	
1470	10	20
90	38
16
19	72	61	12	52	
1	3	4	6	8	
1676	5	10
119	259
17
97	66	3	87	53	
1	2	3	4	5	
1699	10	20
79	178
18
65	100	84	77	60	
1	2	4	5	6	
2010	7	14
182	201
19
11	43	80	45	59	
1	2	4	6	8	
2073	9	18
100	118
20
17	62	81	28	21	
2	4	6	8	9	
2319	9	18
250	200
21
63	28	73	55	30	
2	4	6	8	10	
2412	10	20
267	209
22
48	51	98	47	76	
1	3	4	5	6	
2439	5	10
121	109
23
12	11	23	57	80	
1	3	4	6	7	
2640	7	14
196	38
24
96	52	14	31	39	
1	2	3	4	6	
2706	8	16
246	8
25
43	27	57	81	53	
1	2	4	5	6	
2813	7	14
253	226
26
79	33	100	6	87	
1	3	4	6	7	
2929	8	16
291	3
27
18	32	79	30	50	
2	3	5	6	8	
2961	5	10
59	30
28
90	80	68	96	30	
2	3	5	6	8	
2989	9	18
112	263
29
27	36	26	18	40	
2	4	5	7	8	
3104	9	18
249	86
30
77	99	88	97	2	
2	4	6	8	10	
3118	5	10
263	210
31
83	83	71	71	87	
2	3	4	6	7	
3188	5	10
254	58
32
55	96	89	30	80	
2	3	5	6	7	
3327	7	14
49	297
33
31	78	12	48	21	
2	3	4	5	7	
3412	9	18
135	171
34
71	18	65	61	89	
2	3	4	5	7	
3646	8	16
180	42
35
32	10	94	3	90	
2	4	5	7	8	
3664	9	18
148	42
36
25	4	51	77	79	
2	3	4	6	7	
4005	5	10
14	58
37
2	54	63	11	69	
1	3	4	6	7	
4035	5	10
284	5
38
69	50	11	8	7	
2	4	5	7	8	
4245	9	18
255	227
39
98	32	85	70	19	
2	4	5	6	7	
4353	9	18
163	12
40
5	69	22	15	67	
2	4	5	6	7	
4363	8	16
92	50
41
19	64	40	19	23	
2	3	4	6	7	
4419	7	14
1	52
42
54	83	38	54	100	
1	2	3	5	7	
4528	8	16
147	5
43
80	41	79	67	53	
2	4	6	8	9	
4585	6	12
223	229
44
46	66	32	7	91	
1	3	5	7	9	
4729	9	18
89	285
45
29	5	81	38	45	
1	3	4	5	7	
4914	9	18
206	183
46
20	84	69	19	30	
1	2	4	6	7	
4920	6	12
127	123
47
59	69	93	33	74	
1	3	5	7	9	
4968	8	16
48	88
48
14	93	11	10	77	
2	3	5	6	8	
4974	5	10
240	149
49
36	28	89	70	78	
1	2	3	4	6	
5168	7	14
79	298
50
31	42	85	21	39	
1	3	4	6	7	
5216	9	18
56	117
51
30	66	61	43	26	
2	3	5	7	9	
5328	8	16
129	182
52
22	88	46	17	22	
2	4	6	8	9	
5441	6	12
159	31
53
69	85	36	11	71	
2	4	6	8	10	
5483	9	18
7	8
54
43	24	77	30	19	
2	3	4	6	7	
5503	9	18
42	207
55
65	68	46	39	62	
2	4	6	7	9	
5551	8	16
40	161
56
34	64	17	81	52	
2	4	6	7	8	
5649	6	12
29	176
57
67	13	81	99	7	
1	3	4	5	7	
5663	5	10
56	57
58
37	24	47	55	15	
2	4	5	7	9	
5761	8	16
226	103
59
83	21	62	32	76	
1	2	3	4	5	
5918	7	14
130	261
60
1	50	83	33	14	
2	4	5	6	8	
6302	9	18
79	60
61
86	76	18	97	46	
2	3	5	6	8	
6307	6	12
99	262
62
65	51	8	93	75	
2	4	6	8	10	
6443	10	20
196	17
63
68	55	58	100	34	
2	3	5	7	9	
6471	8	16
226	225
64
9	69	73	69	21	
1	3	4	6	8	
6494	9	18
89	139
65
60	32	51	46	81	
1	2	3	4	6	
6506	9	18
99	134
66
96	21	13	83	24	
2	3	4	6	7	
6516	6	12
97	92
67
56	24	46	58	62	
2	4	5	6	7	
6562	5	10
205	23
68
70	35	94	90	3	
2	4	5	7	8	
6623	8	16
209	204
69
47	53	40	36	44	
1	2	3	5	7	
6894	5	10
144	63
178	293
189	133