70	5	4000	5
0
19	73	49	86	75	
1	2	3	5	6	
113	5	10
96	112
1
47	2	14	21	74	
2	4	5	6	8	
122	9	18
8	210
2
87	27	32	50	48	
1	3	4	6	8	
252	8	16
68	131
3
73	7	22	29	62	
2	3	4	5	7	
343	8	16
196	123
4
28	54	78	17	80	
1	2	3	5	7	
465	10	20
158	214
5
29	35	28	9	8	
2	3	5	7	8	
621	8	16
28	0
6
25	32	55	50	79	
2	4	5	6	7	
649	6	12
179	78
7
45	44	97	76	80	
1	2	4	5	6	
693	6	12
41	97
8
16	81	7	93	54	
2	4	5	7	8	
695	5	10
49	185
9
3	59	17	61	20	
2	4	5	6	8	
960	10	20
60	91
10
20	85	31	60	63	
2	4	5	7	8	
967	6	12
120	118
11
32	67	51	97	49	
2	3	5	7	8	
1054	7	14
168	105
12
75	31	88	81	3	
2	4	6	7	9	
1068	6	12
300	220
13
59	51	98	81	64	
1	3	4	6	7	
1272	6	12
223	4
14
67	17	2	20	21	
2	4	6	8	9	
1318	10	20
37	106
15
9	69	24	97	26	
1	2	3	5	6	
1493	8	16
261	71
16
9	36	80	4	38	
1	2	3	4	5	
1499	10	20
247	187
17
38	91	68	76	10	
2	4	6	8	10	
1559	6	12
294	265
18
4	62	56	87	1	
1	2	3	5	6	
1786	5	10
275	188
19
26	86	90	74	95	
1	3	5	7	9	
1811	10	20
34	261
20
3	82	62	18	84	
2	3	4	5	7	
2019	10	20
213	250
21
35	80	62	66	64	
1	2	3	4	6	
2077	7	14
150	109
22
27	77	88	24	50	
2	4	6	7	9	
2132	7	14
68	220
23
83	11	84	73	47	
2	3	5	6	7	
2171	10	20
110	136
24
42	91	84	42	26	
2	4	5	6	7	
2214	6	12
33	240
25
76	41	88	45	34	
2	4	5	6	7	
2327	5	10
88	296
26
15	76	21	63	94	
1	3	4	6	8	
2359	6	12
292	7
27
90	64	34	51	73	
1	3	5	6	8	
2509	9	18
253	230
28
98	57	67	4	63	
1	3	5	7	9	
2951	8	16
211	288
29
76	52	82	63	63	
2	3	4	6	7	
3000	5	10
209	34
30
15	85	8	73	7	
1	2	4	6	8	
3255	10	20
262	154
31
26	82	27	76	50	
1	3	4	5	6	
3380	5	10
210	56
32
85	41	28	25	44	
2	4	5	7	9	
3440	6	12
248	158
33
87	93	5	74	90	
2	3	5	6	7	
3440	5	10
128	23
34
80	64	97	15	82	
2	4	6	7	9	
3556	9	18
49	210
35
17	17	42	14	82	
1	2	3	4	5	
3628	10	20
10	21
36
93	39	39	71	5	
1	2	3	4	6	
3727	9	18
249	250
37
8	92	72	62	33	
2	3	5	6	7	
4078	5	10
154	121
38
9	95	31	71	75	
1	2	4	6	8	
4301	7	14
282	280
39
72	69	8	93	39	
1	3	5	7	9	
4352	10	20
28	212
40
73	78	15	99	5	
1	3	5	6	7	
4755	10	20
179	8
41
47	33	64	35	75	
2	4	5	6	8	
4838	10	20
204	268
42
93	71	58	96	7	
1	3	4	5	6	
4871	6	12
40	106
43
84	85	16	24	2	
2	3	4	6	8	
5076	6	12
214	75
44
32	92	35	85	100	
1	2	3	5	6	
5128	10	20
17	81
45
95	12	58	71	44	
1	2	4	5	7	
5146	7	14
159	157
46
31	83	13	73	67	
1	3	5	6	7	
5203	5	10
55	138
47
92	84	38	2	26	
2	3	5	6	7	
5239	10	20
53	56
48
33	2	89	79	8	
1	2	4	5	6	
5307	10	20
0	206
49
15	55	88	21	9	
1	3	5	7	9	
5357	10	20
18	174
50
43	70	70	77	95	
1	3	4	5	6	
5363	6	12
150	75
51
66	82	48	14	91	
2	4	5	6	8	
5461	8	16
58	215
52
8	86	89	64	89	
1	2	3	4	5	
5530	6	12
123	214
53
16	21	58	22	21	
1	3	5	7	8	
5707	8	16
88	265
54
53	75	12	73	39	
2	3	4	6	7	
5754	9	18
80	3
55
35	53	10	63	96	
1	3	4	5	7	
5810	8	16
227	5
56
18	21	51	21	59	
1	3	5	6	8	
5822	6	12
153	143
57
78	3	69	68	59	
2	4	5	6	7	
5996	10	20
290	1
58
68	41	66	7	25	
1	2	4	6	8	
6089	9	18
276	238
59
20	46	92	83	74	
2	4	6	7	8	
6128	7	14
34	225
60
60	24	21	98	22	
1	2	3	4	6	
6245	9	18
197	228
61
10	13	60	6	11	
2	3	4	5	6	
6302	10	20
78	278
62
12	45	31	97	95	
1	2	4	6	7	
6713	10	20
159	288
63
71	99	51	61	72	
2	3	4	6	8	
6723	7	14
159	67
64
30	98	17	93	60	
2	4	5	6	7	
6748	8	16
260	126
65
14	48	65	74	21	
1	3	4	6	7	
6759	6	12
247	87
66
85	90	61	55	8	
2	3	4	5	6	
6827	6	12
196	244
67
39	29	94	53	64	
1	3	4	5	6	
6923	10	20
113	191
68
82	45	93	9	28	
1	2	4	6	7	
6952	9	18
152	71
69
7	62	68	87	16	
2	3	5	6	7	
6969	6	12
158	111
249	236
246	142