70	5	4000	12
0
89	16	24	16	84	
1	3	5	6	8	
111	6	12
192	97
1
77	26	14	7	39	
1	2	4	6	7	
179	5	10
10	243
2
87	47	11	65	18	
1	3	4	5	7	
206	9	18
212	117
3
29	92	67	32	68	
1	2	3	4	6	
242	8	16
291	48
4
64	40	68	88	56	
1	3	4	5	7	
266	6	12
266	247
5
10	78	14	82	31	
2	4	5	6	7	
389	6	12
244	177
6
82	98	90	99	94	
2	3	4	6	7	
441	8	16
115	159
7
27	76	65	47	19	
1	3	5	7	9	
499	5	10
131	180
8
27	67	35	91	60	
2	4	5	7	9	
591	5	10
201	26
9
80	96	54	7	91	
1	3	4	6	8	
652	10	20
163	221
10
71	15	8	23	1	
2	3	4	5	7	
903	5	10
198	144
11
74	5	19	43	66	
2	4	6	8	10	
1006	9	18
81	53
12
31	69	87	31	67	
2	4	6	8	10	
1106	8	16
231	281
13
6	57	90	69	3	
2	4	6	7	9	
1119	8	16
211	230
14
68	48	68	31	98	
1	3	4	5	7	
1220	6	12
143	134
15
39	3	33	37	98	
2	4	5	7	9	
1225	5	10
201	109
16
10	81	93	22	94	
2	4	5	6	7	
1275	8	16
77	130
17
47	97	1	89	63	
2	3	4	6	8	
1553	9	18
143	43
18
74	16	48	53	59	
1	3	5	6	7	
1743	8	16
36	120
19
47	69	68	18	35	
2	4	6	8	9	
1776	7	14
234	70
20
87	72	4	98	24	
1	2	4	5	6	
2570	6	12
140	247
21
23	90	83	29	54	
2	4	6	7	8	
2616	10	20
10	22
22
70	1	61	46	73	
2	4	6	7	8	
2645	7	14
106	44
23
56	66	19	33	31	
1	2	4	6	8	
2651	6	12
149	43
24
58	60	38	21	68	
1	2	4	5	7	
2754	8	16
232	186
25
6	96	70	86	87	
2	3	4	5	7	
2761	9	18
10	55
26
10	23	93	77	89	
1	3	4	6	7	
2803	6	12
91	160
27
43	40	41	79	99	
2	3	4	5	6	
2853	9	18
293	130
28
7	30	54	98	83	
2	4	5	7	8	
2962	5	10
158	151
29
58	97	82	78	43	
2	4	5	7	9	
3181	6	12
298	232
30
77	98	45	58	65	
2	4	5	6	7	
3212	6	12
253	127
31
37	19	50	86	30	
1	2	4	5	7	
3242	6	12
281	51
32
44	98	70	96	100	
2	3	5	6	7	
3292	7	14
120	138
33
33	93	62	74	60	
1	3	5	6	8	
3419	5	10
195	300
34
5	19	84	72	13	
1	2	4	6	7	
3433	9	18
55	241
35
13	44	49	65	83	
1	2	3	4	6	
3585	6	12
106	271
36
62	83	4	39	15	
1	2	4	6	8	
3613	10	20
80	286
37
90	67	51	6	74	
1	2	4	6	8	
3676	7	14
207	37
38
76	68	95	69	38	
1	3	5	7	8	
3755	9	18
233	287
39
46	78	83	93	8	
1	3	4	6	7	
3819	6	12
25	181
40
78	12	26	27	3	
1	2	4	5	6	
3983	7	14
182	83
41
77	81	95	57	71	
2	4	6	7	8	
4145	9	18
229	9
42
92	84	38	99	47	
2	3	5	7	9	
4220	5	10
72	41
43
22	85	2	64	22	
2	3	5	6	7	
4354	10	20
149	45
44
65	11	47	26	62	
2	4	6	8	10	
4393	8	16
54	235
45
31	78	84	95	14	
2	3	5	6	8	
4417	9	18
54	181
46
6	32	39	81	10	
2	3	4	6	7	
4685	6	12
139	284
47
56	11	67	80	53	
1	3	5	7	8	
4743	8	16
250	266
48
20	13	72	78	11	
2	3	4	6	8	
4747	8	16
269	86
49
29	95	19	18	34	
1	3	4	5	6	
4876	9	18
55	42
50
35	54	55	39	56	
1	3	5	6	7	
5360	7	14
293	38
51
7	28	6	18	23	
2	4	6	8	10	
5373	9	18
173	253
52
96	29	62	17	55	
2	3	5	6	8	
5403	10	20
225	203
53
13	89	3	94	49	
1	2	4	6	8	
5477	8	16
18	135
54
15	68	98	100	1	
2	4	6	8	9	
5601	10	20
4	295
55
60	60	10	38	97	
2	4	5	7	9	
5676	10	20
281	42
56
15	67	8	90	42	
1	3	4	5	6	
5729	5	10
182	97
57
98	76	41	78	27	
1	2	4	6	8	
5777	5	10
22	62
58
34	62	70	77	17	
2	4	5	7	9	
5999	9	18
129	176
59
92	44	2	59	34	
2	3	4	6	8	
6059	9	18
31	276
60
58	32	60	53	51	
1	3	5	7	8	
6177	9	18
17	223
61
11	48	28	22	25	
1	3	5	7	8	
6180	8	16
252	240
62
71	2	50	19	82	
1	2	4	5	7	
6341	9	18
67	241
63
8	63	96	96	65	
1	3	4	5	7	
6342	10	20
206	188
64
11	54	40	35	37	
1	2	3	4	5	
6534	9	18
148	10
65
37	77	24	93	34	
1	2	4	5	7	
6627	6	12
261	155
66
18	79	4	75	99	
2	3	4	5	7	
6639	9	18
24	219
67
1	17	12	7	1	
2	3	4	5	7	
6640	10	20
242	128
68
71	33	55	26	72	
2	4	5	6	8	
6744	5	10
184	25
69
13	68	51	67	72	
1	3	4	5	7	
6996	5	10
250	41
281	23
222	86