70	5	4000	3
0
53	75	86	62	95	
1	3	5	7	8	
14	6	12
42	99
1
51	96	87	99	34	
1	2	4	5	7	
187	6	12
120	53
2
9	10	2	5	39	
1	3	5	6	8	
466	7	14
244	274
3
65	22	92	21	95	
1	2	4	5	6	
729	10	20
166	18
4
60	14	43	8	67	
1	3	4	5	7	
776	7	14
246	164
5
96	26	85	99	20	
1	3	4	6	8	
879	6	12
127	1
6
94	74	19	75	14	
1	3	4	6	7	
902	7	14
243	59
7
77	83	14	92	38	
2	4	5	7	9	
971	10	20
54	299
8
8	96	15	36	60	
1	2	3	4	6	
1064	6	12
204	157
9
39	77	52	40	64	
2	4	5	7	9	
1186	5	10
41	90
10
38	76	6	49	31	
1	3	4	5	7	
1244	8	16
272	77
11
58	35	69	59	80	
1	3	5	7	8	
1309	9	18
184	50
12
93	88	42	80	41	
1	2	4	5	6	
1486	9	18
173	38
13
66	38	67	73	93	
1	3	4	5	6	
1629	6	12
245	170
14
84	21	32	85	44	
1	3	5	6	7	
1677	8	16
180	211
15
36	70	51	61	33	
1	2	3	5	6	
1726	10	20
75	108
16
86	41	65	12	55	
2	3	4	5	7	
2194	8	16
148	249
17
97	78	11	57	72	
2	3	5	7	8	
2278	8	16
12	155
18
91	79	76	34	16	
1	3	4	6	7	
2393	10	20
213	40
19
20	27	88	11	59	
2	3	5	7	9	
2561	6	12
213	163
20
31	30	92	98	96	
1	2	3	4	6	
2594	10	20
229	138
21
36	97	33	95	6	
1	2	3	5	7	
2748	8	16
27	253
22
64	29	16	97	18	
2	4	5	7	8	
2810	5	10
179	165
23
93	29	80	16	85	
2	3	4	5	7	
2943	5	10
112	228
24
19	5	87	2	80	
1	2	3	4	5	
3120	6	12
52	122
25
1	81	46	49	29	
2	3	4	5	7	
3190	9	18
236	279
26
23	41	100	21	80	
1	3	5	6	8	
3203	7	14
145	108
27
69	35	15	53	24	
2	4	5	7	9	
3290	9	18
258	224
28
51	44	64	5	2	
1	2	3	4	5	
3364	10	20
267	186
29
40	31	61	7	32	
1	2	3	5	7	
3374	7	14
169	54
30
73	76	70	42	9	
1	3	4	6	8	
3661	8	16
236	48
31
77	87	71	29	36	
1	2	3	4	6	
3680	9	18
42	228
32
41	23	56	71	38	
1	2	3	4	6	
3724	10	20
157	14
33
27	12	8	11	81	
2	4	6	8	9	
3830	7	14
17	223
34
87	35	69	85	15	
1	2	4	5	7	
3869	8	16
170	275
35
19	10	91	90	49	
1	3	5	7	8	
3883	5	10
132	147
36
88	76	45	30	76	
1	2	4	6	7	
4068	10	20
292	152
37
21	11	69	93	67	
2	4	6	7	8	
4201	8	16
155	39
38
100	79	30	95	37	
1	2	4	5	7	
4222	6	12
181	31
39
100	11	97	11	23	
1	2	3	5	7	
4388	9	18
92	75
40
26	30	73	15	67	
1	2	4	6	7	
4482	9	18
175	222
41
36	52	36	38	70	
2	3	5	7	9	
4609	8	16
17	195
42
93	54	73	75	10	
2	4	5	6	8	
4617	7	14
107	283
43
63	14	27	2	17	
2	4	5	6	8	
4653	10	20
55	250
44
51	75	92	93	36	
1	2	3	4	6	
4842	6	12
167	215
45
17	49	84	51	61	
1	2	4	6	7	
4899	5	10
290	258
46
20	6	69	15	30	
2	4	5	7	8	
5037	9	18
31	162
47
68	100	88	96	51	
2	3	5	6	8	
5116	5	10
126	39
48
24	38	85	24	99	
1	2	3	4	5	
5283	6	12
152	180
49
78	83	74	94	32	
1	3	5	7	8	
5357	10	20
231	67
50
32	41	5	14	6	
2	3	5	7	8	
5361	8	16
243	121
51
5	25	60	40	24	
2	4	6	7	8	
5462	6	12
278	250
52
40	67	6	30	22	
2	3	5	6	8	
5527	9	18
60	2
53
18	78	4	41	61	
2	3	4	6	8	
5558	8	16
161	284
54
100	86	39	16	25	
1	3	4	6	8	
5579	9	18
77	83
55
45	69	25	72	90	
1	2	3	4	6	
5668	8	16
228	263
56
29	97	6	84	89	
2	3	4	6	8	
5842	5	10
31	280
57
24	19	89	82	30	
2	4	6	7	8	
6032	10	20
250	161
58
34	95	36	99	25	
2	4	6	7	9	
6141	6	12
184	169
59
71	84	9	45	78	
2	4	6	8	9	
6225	6	12
217	145
60
42	100	21	41	93	
1	3	5	7	9	
6421	7	14
17	50
61
20	24	39	26	40	
1	2	3	4	5	
6431	8	16
133	201
62
88	55	35	82	39	
1	2	4	5	6	
6506	5	10
149	238
63
81	1	35	41	14	
2	4	6	8	10	
6545	10	20
126	82
64
3	68	84	72	95	
2	3	5	7	8	
6676	7	14
49	15
65
3	82	76	81	53	
1	2	3	5	7	
6752	9	18
129	108
66
89	77	94	82	64	
2	4	6	8	10	
6802	10	20
43	229
67
88	19	38	2	42	
2	3	4	6	8	
6846	8	16
34	201
68
22	87	52	78	5	
1	3	4	6	8	
6898	8	16
143	199
69
62	69	22	18	79	
1	2	4	5	6	
6918	6	12
203	294
124	271
18	117