70	5	4000	10
0
12	73	91	63	50	
1	3	4	6	7	
38	5	10
191	234
1
32	83	72	30	49	
2	3	5	7	8	
51	7	14
297	208
2
82	1	76	16	62	
2	4	6	7	9	
430	8	16
177	108
3
38	2	20	19	84	
2	3	4	6	7	
473	6	12
268	170
4
65	97	94	25	57	
1	2	3	5	6	
514	5	10
211	286
5
6	61	31	27	30	
2	4	5	7	9	
615	9	18
74	55
6
37	93	60	77	6	
1	3	5	7	8	
684	6	12
174	156
7
73	66	49	49	69	
2	4	5	6	8	
952	5	10
54	267
8
99	59	86	41	88	
1	2	4	6	7	
983	8	16
186	74
9
31	39	34	72	77	
1	3	5	6	8	
1084	9	18
133	0
10
99	64	94	46	67	
1	3	5	6	8	
1322	10	20
45	226
11
16	32	77	21	61	
2	3	4	6	8	
1378	10	20
111	18
12
20	76	19	11	86	
2	3	4	5	7	
1496	7	14
229	271
13
15	27	57	70	49	
1	3	5	7	9	
1554	9	18
27	48
14
21	73	100	16	35	
2	4	6	8	10	
1558	5	10
248	133
15
35	3	5	54	9	
2	3	4	5	6	
1613	6	12
89	257
16
26	31	10	51	51	
2	4	5	7	9	
1623	8	16
10	120
17
10	58	31	31	83	
2	4	6	8	9	
1656	5	10
149	241
18
5	70	95	3	97	
2	4	6	7	8	
1871	5	10
84	225
19
99	29	34	46	34	
1	3	5	6	7	
1891	8	16
55	129
20
89	63	8	45	40	
2	3	5	6	7	
1912	7	14
58	101
21
86	8	3	69	33	
1	3	4	5	6	
1928	10	20
232	216
22
18	3	56	40	40	
1	2	4	6	8	
2010	5	10
265	164
23
98	40	12	40	23	
1	2	4	6	7	
2340	10	20
147	16
24
34	63	3	97	15	
1	2	3	4	5	
2363	6	12
163	154
25
45	91	1	95	45	
1	3	5	6	8	
2423	6	12
252	198
26
31	10	52	9	34	
1	3	5	6	8	
2678	9	18
72	213
27
68	92	88	36	72	
1	2	4	5	7	
2707	8	16
177	169
28
98	21	66	12	27	
1	2	4	5	6	
2717	7	14
245	179
29
64	34	39	10	74	
1	3	5	6	8	
2810	10	20
267	227
30
83	63	42	35	37	
2	3	4	5	7	
2977	7	14
201	161
31
31	14	60	92	18	
2	4	6	8	10	
3006	7	14
37	142
32
50	49	69	94	62	
2	4	5	7	8	
3508	7	14
171	296
33
85	84	65	4	52	
2	4	5	6	7	
3511	5	10
129	287
34
73	92	48	69	23	
1	3	5	7	9	
3681	5	10
175	225
35
82	66	52	81	73	
1	3	4	5	7	
3686	6	12
37	184
36
24	30	14	36	57	
2	4	6	7	9	
3795	6	12
299	165
37
55	79	61	32	46	
1	2	3	5	6	
4034	9	18
168	266
38
14	46	52	11	66	
1	3	5	6	7	
4331	6	12
291	148
39
11	21	7	9	88	
1	3	4	5	6	
4451	7	14
171	55
40
75	6	14	89	26	
2	4	5	6	8	
4709	9	18
130	114
41
5	25	69	9	35	
1	3	5	7	9	
4724	9	18
231	164
42
15	64	98	75	76	
1	3	4	5	7	
4784	8	16
66	173
43
92	23	68	23	37	
2	3	4	6	8	
5039	9	18
203	260
44
64	95	86	28	38	
2	4	5	7	8	
5055	9	18
97	181
45
68	24	14	41	34	
1	2	4	6	7	
5076	7	14
22	34
46
12	94	75	39	8	
1	2	3	5	7	
5226	7	14
83	51
47
47	12	96	63	55	
1	2	3	4	5	
5296	6	12
127	80
48
15	96	9	58	72	
1	3	4	6	8	
5617	9	18
172	197
49
42	29	86	79	62	
1	2	4	6	7	
5670	6	12
293	300
50
84	59	3	87	22	
2	3	4	5	7	
5677	6	12
96	109
51
56	7	85	60	3	
2	4	5	6	8	
5751	9	18
35	104
52
91	70	81	31	79	
2	4	5	6	8	
5806	10	20
249	88
53
62	49	78	13	29	
1	3	4	5	7	
5807	7	14
69	298
54
27	28	90	66	65	
1	2	3	4	5	
5952	9	18
170	279
55
72	84	88	76	73	
2	3	4	5	6	
5959	5	10
90	259
56
9	47	89	27	92	
1	3	5	6	8	
6156	9	18
237	140
57
88	19	69	71	3	
2	3	5	7	9	
6187	9	18
154	98
58
13	27	58	3	43	
1	2	4	6	7	
6189	10	20
117	212
59
57	60	91	80	10	
2	4	5	6	7	
6198	10	20
47	53
60
61	33	47	91	44	
2	4	6	8	10	
6383	5	10
219	83
61
99	4	28	14	69	
2	3	5	6	7	
6404	8	16
166	45
62
91	60	33	79	17	
1	2	3	5	7	
6415	5	10
198	199
63
57	14	33	3	78	
2	3	5	6	8	
6459	5	10
134	140
64
24	59	28	19	10	
1	3	4	5	7	
6653	7	14
107	14
65
63	24	56	44	14	
1	3	5	6	7	
6746	5	10
283	228
66
53	43	44	74	92	
1	3	5	6	8	
6765	7	14
298	176
67
84	49	37	3	68	
1	2	3	4	6	
6779	5	10
147	18
68
1	15	2	7	9	
2	4	5	7	9	
6787	10	20
116	151
69
27	34	53	46	22	
1	2	3	4	5	
6923	8	16
68	64
44	224
1	54