70	5	4000	13
0
85	17	85	97	99	
1	2	3	4	6	
91	10	20
9	147
1
67	67	8	39	1	
2	3	4	6	7	
96	6	12
76	183
2
64	4	90	94	6	
2	4	5	6	7	
119	5	10
115	123
3
81	20	16	15	58	
2	4	5	7	8	
145	8	16
210	216
4
3	38	14	17	59	
2	4	6	7	8	
175	10	20
223	97
5
62	53	45	95	59	
2	4	5	7	9	
249	7	14
271	162
6
11	83	30	76	43	
1	2	3	4	5	
370	6	12
290	223
7
86	52	1	95	100	
1	2	4	6	8	
494	6	12
240	260
8
18	29	58	77	77	
2	3	5	6	8	
585	6	12
56	184
9
42	50	28	30	61	
1	3	4	6	8	
597	5	10
73	2
10
62	48	92	34	51	
2	4	5	6	8	
776	8	16
270	284
11
58	78	57	58	46	
2	3	5	7	8	
827	7	14
289	12
12
91	32	66	54	97	
1	3	4	6	8	
991	7	14
277	223
13
60	70	75	25	34	
1	3	5	7	8	
1003	6	12
157	84
14
92	75	68	55	37	
2	3	4	6	8	
1020	5	10
134	282
15
68	3	21	4	76	
2	3	4	5	7	
1161	10	20
158	207
16
81	1	32	90	16	
2	4	5	6	7	
1267	5	10
168	160
17
39	94	36	84	62	
2	3	5	6	8	
1424	9	18
143	268
18
84	93	38	45	6	
1	3	4	5	6	
1514	8	16
115	130
19
58	83	91	19	51	
2	3	5	7	9	
1515	9	18
271	206
20
35	4	52	63	4	
1	2	3	4	6	
1760	5	10
3	21
21
37	7	26	34	18	
1	2	3	5	7	
1896	7	14
73	118
22
30	97	1	73	8	
2	3	5	7	9	
1937	6	12
244	31
23
82	35	2	6	91	
1	3	4	6	8	
2092	9	18
296	27
24
69	65	20	72	89	
2	4	6	8	10	
2147	10	20
145	106
25
69	15	63	10	18	
2	4	5	6	7	
2322	5	10
135	182
26
59	74	73	87	46	
1	2	4	5	7	
2482	8	16
248	243
27
35	5	27	38	23	
2	3	5	7	9	
2532	8	16
120	232
28
4	34	14	7	20	
2	3	5	6	8	
2570	8	16
205	293
29
48	22	50	14	83	
2	4	6	8	9	
2885	5	10
130	57
30
49	11	64	63	18	
2	4	5	6	7	
2912	8	16
24	292
31
19	69	65	92	66	
1	3	4	5	6	
2969	10	20
264	83
32
32	21	11	78	63	
1	2	3	4	5	
3329	7	14
259	31
33
15	97	61	34	48	
1	3	4	6	8	
3395	10	20
205	231
34
22	89	57	43	14	
1	3	5	6	7	
3395	8	16
239	40
35
44	24	79	35	21	
1	2	3	5	6	
3439	9	18
77	260
36
44	52	25	36	87	
2	3	4	6	8	
3476	7	14
252	139
37
42	7	95	53	93	
1	2	4	5	6	
3507	8	16
76	13
38
95	28	19	13	71	
2	4	6	8	10	
3541	9	18
15	43
39
85	28	6	42	84	
1	2	3	5	6	
3632	7	14
18	38
40
74	14	75	74	65	
1	2	3	4	5	
3762	9	18
188	88
41
66	100	50	63	39	
1	3	5	6	8	
3865	8	16
143	150
42
75	31	19	98	60	
2	4	6	7	9	
3941	5	10
160	14
43
73	57	77	76	90	
2	3	5	6	7	
4017	6	12
137	199
44
22	15	45	98	29	
2	4	6	8	9	
4495	6	12
278	163
45
44	55	92	18	45	
1	2	4	6	7	
4503	6	12
75	275
46
84	19	57	8	22	
1	2	3	4	6	
4540	8	16
55	275
47
62	86	99	23	40	
1	3	5	6	8	
4803	9	18
27	245
48
47	52	3	15	34	
1	2	4	5	6	
4886	6	12
36	254
49
79	13	11	35	94	
1	3	4	5	7	
5037	5	10
152	98
50
19	99	89	38	69	
1	2	3	4	5	
5156	8	16
243	25
51
99	69	10	74	66	
2	3	4	6	8	
5195	10	20
1	272
52
74	96	28	12	43	
2	3	4	5	6	
5235	5	10
295	118
53
59	34	1	3	38	
2	3	5	6	8	
5343	8	16
243	8
54
73	85	69	1	12	
1	2	3	4	6	
5352	7	14
154	134
55
40	100	85	32	10	
1	2	4	6	7	
5395	10	20
29	53
56
95	8	83	7	34	
1	3	4	6	7	
5451	8	16
137	192
57
39	65	64	32	89	
2	3	4	6	8	
5494	9	18
275	71
58
26	27	57	73	95	
1	3	4	5	6	
5579	6	12
199	111
59
10	63	99	99	100	
2	3	5	6	8	
5691	9	18
0	4
60
23	38	53	35	79	
2	3	4	5	7	
5730	8	16
171	272
61
89	81	24	20	14	
2	3	4	6	8	
5732	9	18
51	272
62
33	91	35	62	35	
1	2	3	5	6	
5928	10	20
298	82
63
37	45	23	56	44	
2	3	4	6	8	
6068	8	16
206	249
64
55	52	97	10	23	
2	3	5	6	7	
6189	6	12
191	102
65
2	4	53	63	65	
1	3	4	5	7	
6480	5	10
262	33
66
10	99	19	72	15	
1	3	4	5	6	
6495	6	12
247	217
67
90	9	41	4	66	
1	2	4	6	7	
6588	8	16
23	178
68
17	61	62	49	55	
1	2	3	5	7	
6927	10	20
158	40
69
60	94	57	49	57	
2	3	5	6	8	
6952	10	20
171	187
14	251
137	65