80	5	4000	12
0
90	100	100	52	23	
2	3	4	5	6	
57	6	12
183	252
1
21	62	83	24	76	
1	2	3	4	6	
82	5	10
215	80
2
92	48	32	96	7	
2	3	4	5	7	
103	6	12
187	71
3
88	11	74	65	76	
1	3	4	5	6	
317	7	14
6	113
4
76	70	10	64	26	
1	3	5	6	8	
317	5	10
241	110
5
17	56	4	31	80	
2	4	6	7	9	
340	6	12
73	88
6
61	17	100	48	55	
1	2	3	4	6	
537	5	10
259	22
7
44	60	17	19	53	
2	3	5	7	8	
587	10	20
194	94
8
32	60	86	48	95	
2	4	5	6	8	
613	8	16
202	121
9
55	43	32	85	77	
2	3	5	6	8	
640	10	20
107	209
10
15	18	4	29	37	
1	2	3	4	5	
954	10	20
271	6
11
98	72	97	81	82	
2	3	5	7	8	
1008	6	12
126	132
12
40	50	89	81	58	
1	2	4	6	7	
1156	6	12
33	224
13
37	69	35	55	19	
1	2	3	4	6	
1196	10	20
113	108
14
16	53	33	71	56	
1	3	4	5	7	
1302	7	14
68	194
15
7	15	91	38	52	
2	3	4	6	7	
1322	9	18
63	146
16
68	69	10	20	37	
1	2	3	4	6	
1598	7	14
107	156
17
59	95	95	74	53	
2	4	6	7	8	
1605	5	10
24	81
18
60	1	14	79	73	
2	3	5	6	8	
1756	8	16
256	37
19
4	59	15	42	1	
2	3	4	5	7	
2157	5	10
160	234
20
86	30	98	15	21	
2	4	6	7	8	
2162	10	20
220	227
21
45	79	56	3	14	
1	2	3	5	6	
2210	10	20
270	5
22
92	63	91	46	73	
1	3	5	6	8	
2527	5	10
225	173
23
26	41	2	12	23	
2	3	4	6	7	
2544	7	14
202	144
24
4	67	18	2	33	
2	3	4	5	6	
2666	10	20
81	61
25
38	5	12	76	28	
2	4	5	6	8	
2676	6	12
6	131
26
14	98	49	53	9	
1	2	4	6	8	
2713	5	10
116	83
27
53	19	88	89	66	
1	2	4	6	8	
2725	6	12
293	80
28
25	92	44	80	70	
1	3	4	6	8	
2781	6	12
95	94
29
30	58	47	98	29	
2	3	5	6	7	
2831	6	12
158	85
30
48	10	27	71	10	
2	4	5	6	7	
2927	6	12
43	182
31
43	43	17	83	14	
1	3	4	6	8	
3008	9	18
63	71
32
18	92	68	30	50	
2	4	5	6	7	
3031	7	14
115	164
33
40	38	81	15	83	
1	3	4	5	7	
3054	9	18
106	142
34
6	16	94	60	50	
2	4	6	7	9	
3354	9	18
177	14
35
27	72	13	19	34	
2	4	6	7	8	
3374	6	12
172	113
36
2	12	58	5	10	
2	4	6	8	10	
3495	5	10
128	269
37
57	32	70	39	99	
1	2	4	5	6	
3844	6	12
158	86
38
53	71	81	66	27	
1	3	4	5	7	
3981	5	10
48	158
39
45	97	66	15	32	
1	3	4	5	6	
4074	7	14
80	118
40
43	56	12	50	59	
1	3	4	6	8	
4138	10	20
43	22
41
66	35	70	30	4	
2	4	5	7	8	
4220	10	20
228	88
42
47	28	95	23	91	
2	4	6	8	10	
4254	10	20
230	175
43
26	43	56	78	43	
2	4	5	6	8	
4368	9	18
298	87
44
6	87	64	66	15	
2	4	6	7	9	
4394	8	16
199	298
45
61	47	78	23	19	
2	3	5	6	8	
4395	10	20
136	24
46
45	15	38	10	64	
2	4	5	7	8	
4416	6	12
117	2
47
86	16	4	51	4	
1	3	4	5	6	
4429	9	18
187	167
48
12	52	55	99	26	
2	3	4	6	7	
4877	10	20
217	243
49
63	15	64	33	37	
2	4	6	8	9	
4927	5	10
146	5
50
63	7	6	92	69	
2	4	5	6	7	
5124	10	20
134	47
51
78	45	25	48	56	
1	2	3	4	6	
5364	6	12
182	99
52
21	33	9	65	29	
2	3	4	6	8	
5493	9	18
9	19
53
71	92	75	77	17	
2	3	4	6	7	
5612	9	18
68	127
54
47	69	16	28	76	
2	3	4	5	7	
5739	10	20
269	4
55
43	26	6	28	78	
2	3	5	7	8	
5995	7	14
153	133
56
37	25	11	1	50	
1	3	5	6	8	
6122	7	14
192	160
57
3	74	4	62	62	
1	2	4	6	7	
6174	5	10
178	215
58
38	35	32	78	21	
1	3	4	5	7	
6256	9	18
57	67
59
56	66	96	24	25	
1	2	3	5	7	
6274	6	12
147	74
60
6	89	56	24	66	
2	4	5	7	9	
6333	5	10
209	259
61
71	24	30	46	15	
2	3	4	6	7	
6416	8	16
29	244
62
6	98	14	6	21	
1	2	3	5	6	
6460	5	10
275	152
63
17	42	65	87	36	
1	3	4	5	7	
6470	8	16
235	298
64
11	9	8	33	45	
1	3	4	5	6	
6493	8	16
151	25
65
61	96	54	100	13	
2	4	6	8	10	
6636	6	12
164	67
66
55	23	25	91	34	
2	4	5	7	8	
6743	8	16
156	178
67
77	63	82	37	1	
2	3	4	5	6	
6888	6	12
270	104
68
8	97	9	20	52	
1	2	3	4	6	
6963	5	10
233	115
69
12	36	73	49	6	
1	3	4	6	7	
6984	9	18
278	137
70
48	17	19	55	38	
1	2	4	6	8	
7016	6	12
138	10
71
92	10	60	42	16	
1	2	3	5	7	
7081	7	14
78	2
72
19	10	80	96	5	
2	3	4	5	7	
7242	5	10
164	247
73
13	29	60	97	47	
2	4	6	7	9	
7396	9	18
187	230
74
3	38	65	19	40	
1	2	3	4	6	
7426	8	16
187	212
75
24	57	46	99	60	
1	2	4	5	6	
7455	6	12
75	79
76
73	77	50	35	27	
2	4	6	8	10	
7540	9	18
254	197
77
19	54	100	76	100	
1	3	4	6	7	
7730	9	18
43	53
78
12	44	31	21	71	
2	3	4	5	6	
7884	10	20
283	96
79
25	78	17	93	78	
1	2	4	5	6	
7893	10	20
142	158
89	67
57	168