80	5	4000	15
0
47	61	75	66	44	
2	4	6	8	10	
63	5	10
140	286
1
98	10	36	17	54	
2	4	6	8	10	
277	6	12
124	89
2
61	75	50	5	64	
1	3	5	7	8	
410	7	14
136	224
3
50	4	11	74	51	
2	4	6	8	9	
480	9	18
54	242
4
38	59	4	80	62	
1	2	3	4	6	
739	10	20
243	106
5
5	95	94	62	70	
1	3	4	5	6	
1005	9	18
137	241
6
9	76	46	76	90	
2	3	4	5	7	
1021	8	16
47	175
7
99	64	11	63	34	
2	3	4	5	6	
1022	5	10
111	268
8
14	56	72	27	90	
1	2	3	5	7	
1266	7	14
166	251
9
17	70	33	45	13	
1	2	3	4	6	
1759	7	14
206	125
10
97	53	96	44	65	
2	3	5	6	8	
2128	8	16
152	144
11
54	8	32	4	50	
1	2	4	6	7	
2134	6	12
208	219
12
42	29	32	20	43	
1	3	5	7	9	
2187	7	14
292	23
13
77	14	45	33	53	
1	2	4	6	8	
2199	8	16
138	147
14
58	3	82	5	32	
2	3	5	7	8	
2383	8	16
39	76
15
59	33	13	41	29	
2	4	6	8	10	
2462	9	18
268	260
16
70	90	59	52	88	
2	4	6	8	9	
2494	7	14
73	82
17
73	47	39	7	22	
1	3	5	6	7	
2582	10	20
239	273
18
53	17	3	71	28	
2	4	5	7	8	
2653	10	20
260	33
19
86	47	37	8	82	
2	4	5	6	8	
2841	8	16
131	70
20
34	23	10	49	61	
1	3	5	7	8	
2842	9	18
139	228
21
85	30	68	76	86	
2	3	4	6	7	
2886	8	16
219	146
22
45	26	45	83	73	
1	3	4	6	7	
2891	7	14
31	114
23
76	47	36	7	85	
2	4	6	8	10	
2907	5	10
181	177
24
97	74	84	88	57	
2	4	6	8	9	
3031	5	10
42	132
25
91	6	23	37	65	
2	3	4	5	6	
3057	6	12
276	238
26
12	89	5	21	16	
2	3	4	6	7	
3165	6	12
48	210
27
24	28	44	22	28	
1	3	4	5	6	
3202	7	14
265	278
28
73	93	7	91	83	
2	3	4	5	7	
3330	8	16
75	28
29
99	92	39	44	69	
2	3	5	7	9	
3571	9	18
142	76
30
50	8	47	61	14	
2	3	5	7	8	
4018	7	14
289	191
31
45	80	71	24	83	
1	3	4	5	6	
4070	9	18
238	289
32
34	6	65	92	79	
1	3	5	7	9	
4081	10	20
184	239
33
43	8	56	69	44	
1	2	4	5	7	
4310	10	20
101	297
34
43	65	30	33	30	
2	4	6	8	9	
4347	5	10
187	34
35
1	61	97	96	13	
2	4	5	7	8	
4382	6	12
151	232
36
38	98	9	16	78	
1	3	5	6	7	
4486	9	18
212	32
37
3	18	64	72	100	
2	3	4	5	6	
4613	10	20
247	74
38
92	24	13	86	76	
2	4	5	6	7	
4835	6	12
55	146
39
20	80	11	32	17	
2	4	6	8	9	
4837	9	18
274	103
40
6	50	3	27	18	
1	3	4	6	7	
4902	10	20
104	189
41
25	45	40	36	50	
2	3	4	6	7	
5075	10	20
189	288
42
63	38	30	96	11	
1	2	3	5	6	
5208	9	18
228	154
43
78	37	69	21	50	
1	2	4	6	8	
5263	7	14
226	295
44
90	96	80	87	21	
2	4	6	7	9	
5271	5	10
203	253
45
34	44	51	14	76	
2	3	4	6	7	
5335	7	14
124	180
46
69	73	82	34	79	
2	4	6	7	8	
5419	9	18
250	279
47
30	81	48	49	48	
1	2	3	4	5	
5555	5	10
18	267
48
83	9	31	2	53	
1	2	3	4	5	
5614	9	18
145	20
49
5	6	41	25	16	
2	3	4	6	8	
5677	10	20
241	134
50
69	100	98	47	81	
2	4	6	7	9	
5800	7	14
153	54
51
88	68	97	44	25	
1	3	4	5	6	
5856	9	18
291	150
52
17	46	81	90	34	
1	3	5	6	8	
5945	10	20
104	4
53
62	81	11	45	6	
1	2	3	5	7	
6050	5	10
223	17
54
45	46	21	91	58	
1	2	4	5	6	
6105	9	18
253	291
55
19	15	85	19	78	
2	3	4	6	7	
6135	5	10
26	205
56
18	34	52	24	61	
2	3	5	6	8	
6167	7	14
154	252
57
72	82	81	61	4	
2	4	6	8	9	
6222	5	10
28	19
58
64	54	93	87	96	
2	3	4	5	7	
6234	8	16
46	44
59
63	49	90	53	62	
1	2	4	5	7	
6251	8	16
98	127
60
10	22	62	99	69	
1	2	4	5	6	
6444	5	10
293	215
61
36	26	45	13	22	
2	3	5	6	8	
6604	8	16
176	163
62
49	11	55	59	32	
1	2	3	5	7	
6841	6	12
207	171
63
57	31	79	8	93	
2	3	5	6	7	
6954	10	20
76	150
64
13	95	70	75	98	
2	3	4	6	7	
7052	8	16
0	181
65
46	43	27	56	43	
2	4	5	7	9	
7154	10	20
246	129
66
22	42	34	74	36	
1	2	3	5	7	
7248	10	20
17	161
67
28	59	77	19	18	
1	2	4	5	7	
7256	5	10
4	179
68
43	78	84	10	95	
2	3	4	6	7	
7333	7	14
149	87
69
62	51	5	6	10	
2	4	6	8	9	
7501	10	20
84	126
70
53	45	47	68	53	
2	3	4	6	8	
7509	7	14
3	63
71
55	97	63	97	48	
2	4	5	7	8	
7533	8	16
21	121
72
41	38	38	53	45	
1	3	5	6	7	
7604	8	16
66	29
73
81	8	26	45	11	
2	3	4	6	7	
7677	6	12
66	139
74
47	18	57	2	13	
2	4	6	7	9	
7772	9	18
192	212
75
76	77	16	17	94	
1	2	3	4	6	
7792	10	20
173	38
76
72	32	64	70	36	
2	4	5	7	9	
7872	10	20
160	79
77
67	58	95	98	49	
2	3	5	6	7	
7873	8	16
43	210
78
88	49	37	92	70	
1	2	4	5	6	
7973	9	18
281	140
79
75	31	58	28	95	
2	3	4	6	8	
7981	5	10
136	128
282	300
201	29