80	5	4000	6
0
25	60	55	57	23	
1	2	3	5	6	
166	9	18
138	151
1
86	70	8	51	52	
2	4	6	7	8	
206	10	20
69	295
2
62	3	66	62	74	
2	3	4	6	8	
209	8	16
288	44
3
62	59	8	88	81	
2	4	5	7	8	
349	9	18
141	40
4
39	19	71	98	64	
1	2	3	5	7	
378	5	10
291	27
5
86	72	11	74	3	
2	4	6	8	9	
402	9	18
128	228
6
2	62	46	43	83	
2	3	5	6	7	
509	9	18
143	0
7
63	50	81	17	42	
2	4	6	8	9	
634	9	18
85	12
8
94	79	28	12	8	
2	4	5	7	9	
851	7	14
260	96
9
19	3	54	37	33	
1	2	3	4	6	
881	10	20
286	64
10
81	89	55	78	77	
2	4	6	8	9	
951	10	20
188	46
11
85	95	37	62	100	
2	3	4	5	6	
1032	8	16
203	95
12
58	57	70	69	94	
2	4	5	7	8	
1188	9	18
75	262
13
72	5	24	34	67	
1	3	4	6	8	
1335	10	20
11	112
14
14	43	78	17	30	
1	2	4	5	7	
1371	9	18
37	128
15
46	44	71	61	80	
2	3	4	6	8	
1550	8	16
213	281
16
32	99	92	92	70	
2	4	5	6	7	
1688	6	12
157	251
17
81	26	51	10	73	
1	3	5	7	9	
1836	6	12
290	79
18
27	20	100	84	60	
1	3	4	6	7	
1864	10	20
278	44
19
100	76	60	67	73	
1	2	3	5	7	
1929	9	18
159	235
20
82	35	49	21	18	
1	3	4	6	7	
1963	10	20
253	24
21
32	96	71	86	83	
2	3	4	6	7	
1978	5	10
88	166
22
75	69	58	11	38	
1	2	4	6	8	
2035	9	18
165	86
23
29	32	4	96	2	
2	4	6	8	9	
2160	8	16
7	228
24
32	79	44	43	79	
1	2	4	5	6	
2253	8	16
156	297
25
3	21	3	85	69	
2	3	4	5	6	
2282	6	12
6	278
26
3	11	85	49	7	
2	4	6	7	9	
2312	6	12
201	33
27
67	94	38	61	56	
1	3	4	6	7	
2333	5	10
100	73
28
54	35	55	47	75	
2	4	5	6	8	
2462	7	14
140	260
29
91	78	36	25	17	
2	3	5	7	9	
2525	10	20
291	103
30
73	72	66	43	97	
1	3	4	6	8	
2531	8	16
11	103
31
46	49	26	20	13	
1	3	4	6	8	
2656	9	18
233	166
32
22	36	54	88	87	
2	4	6	7	8	
2696	8	16
168	155
33
25	82	74	22	55	
1	2	3	5	7	
2740	10	20
45	77
34
86	34	58	39	98	
2	3	5	6	8	
3050	5	10
217	257
35
29	35	19	56	18	
1	2	3	4	6	
3131	8	16
20	255
36
66	88	85	99	6	
1	3	5	7	9	
3418	6	12
202	245
37
75	91	30	27	30	
1	3	4	5	6	
3668	6	12
241	222
38
75	12	68	64	65	
1	3	5	6	7	
3681	10	20
300	33
39
13	55	31	55	84	
2	4	6	8	9	
3911	8	16
157	252
40
95	93	83	63	29	
2	4	5	7	8	
3920	6	12
276	116
41
76	16	44	12	68	
1	2	4	6	7	
3923	6	12
73	125
42
64	26	73	11	34	
2	3	4	5	6	
4253	8	16
21	49
43
11	18	65	20	24	
2	3	4	5	7	
4309	6	12
135	6
44
77	19	53	44	65	
2	4	6	7	9	
4382	6	12
232	136
45
32	62	94	12	87	
2	3	5	7	9	
4403	9	18
248	33
46
3	96	45	51	37	
1	2	4	6	7	
4660	6	12
78	17
47
82	93	5	30	25	
1	3	5	6	7	
4678	5	10
211	86
48
1	72	86	57	55	
2	3	5	7	9	
4750	6	12
10	128
49
7	45	92	77	26	
1	3	4	6	7	
4825	10	20
102	203
50
83	31	57	2	37	
1	2	3	4	5	
4946	10	20
7	246
51
1	27	60	43	48	
1	3	4	5	7	
4999	8	16
201	132
52
30	28	36	54	28	
1	2	3	4	5	
5140	9	18
78	189
53
59	32	34	26	47	
2	4	5	6	7	
5154	10	20
76	44
54
75	8	2	47	73	
2	3	4	6	7	
5184	10	20
126	231
55
93	17	15	98	47	
1	3	5	7	8	
5331	10	20
248	95
56
30	34	47	38	12	
2	3	4	5	6	
5351	8	16
69	218
57
91	32	32	15	3	
1	3	5	6	8	
5433	10	20
67	127
58
64	49	40	78	16	
2	4	6	8	9	
5517	9	18
20	185
59
87	60	26	43	33	
2	3	4	6	8	
5720	9	18
6	52
60
95	46	25	75	19	
2	4	5	7	9	
5736	10	20
149	214
61
35	20	88	8	52	
1	2	3	4	6	
5840	6	12
192	260
62
66	80	3	9	6	
1	2	4	6	8	
5912	10	20
259	227
63
100	55	2	11	97	
2	3	4	5	6	
6203	6	12
123	47
64
38	20	73	66	40	
2	3	5	7	8	
6438	9	18
208	152
65
89	47	68	61	62	
1	2	4	6	7	
6531	6	12
108	167
66
88	5	73	70	14	
1	2	4	5	7	
6668	7	14
241	57
67
50	69	27	64	7	
1	2	3	5	6	
6926	10	20
62	155
68
96	43	60	1	27	
2	3	5	7	8	
7095	7	14
40	275
69
56	59	70	96	50	
1	2	3	5	6	
7115	6	12
287	199
70
51	82	26	63	75	
1	3	5	7	9	
7304	6	12
109	62
71
33	34	48	63	68	
1	2	3	5	6	
7418	10	20
38	229
72
87	85	58	29	1	
2	3	4	6	8	
7642	10	20
218	256
73
47	66	29	82	21	
2	4	6	7	9	
7691	7	14
161	48
74
100	82	92	80	89	
2	3	4	5	6	
7730	5	10
153	112
75
56	84	37	26	14	
2	3	4	6	8	
7817	7	14
213	28
76
94	37	7	19	17	
1	3	4	5	6	
7859	5	10
60	141
77
39	39	46	5	98	
1	2	3	4	6	
7885	9	18
89	121
78
84	93	31	77	76	
1	2	3	5	6	
7889	10	20
188	16
79
43	13	74	51	91	
2	3	5	6	7	
7910	10	20
244	121
87	49
259	19