80	5	4000	7
0
66	67	36	99	14	
1	3	4	6	8	
59	6	12
117	97
1
4	68	77	86	94	
2	4	6	8	9	
228	8	16
25	208
2
74	40	1	89	43	
2	4	6	7	9	
250	10	20
2	157
3
20	52	71	79	55	
1	3	5	6	8	
504	6	12
147	159
4
44	18	88	11	16	
1	3	4	6	8	
548	7	14
47	295
5
68	96	21	8	37	
1	3	4	5	6	
593	7	14
224	202
6
75	71	19	9	11	
1	2	4	6	7	
611	6	12
77	45
7
35	52	94	44	5	
2	3	4	5	7	
626	9	18
119	143
8
82	62	43	14	41	
2	3	5	6	7	
854	7	14
194	222
9
83	35	2	50	78	
2	3	4	5	6	
1013	9	18
92	31
10
29	70	62	18	89	
1	2	4	6	7	
1039	9	18
177	291
11
59	80	27	93	67	
1	2	4	6	8	
1265	9	18
93	203
12
54	97	38	18	64	
1	2	4	6	8	
1277	6	12
133	296
13
9	70	26	46	46	
1	2	4	6	8	
1360	6	12
89	234
14
94	17	58	60	92	
1	2	4	5	6	
1418	8	16
167	189
15
35	52	97	58	96	
2	4	5	7	8	
1538	6	12
291	12
16
66	90	58	67	59	
1	2	4	5	6	
1631	8	16
266	189
17
31	89	69	42	12	
1	2	4	6	8	
1835	6	12
25	273
18
1	30	39	27	54	
2	4	6	7	8	
2211	7	14
97	24
19
57	50	67	22	34	
1	3	5	7	9	
2286	7	14
264	252
20
76	86	21	92	67	
1	3	4	6	8	
2315	9	18
235	152
21
96	53	94	99	35	
1	3	5	6	8	
2411	6	12
112	146
22
4	44	30	60	40	
2	3	4	5	7	
2534	8	16
201	285
23
39	44	32	35	18	
2	4	6	8	10	
2553	6	12
25	105
24
25	1	49	91	62	
2	4	5	7	9	
2581	9	18
293	64
25
77	20	71	80	21	
2	4	5	6	7	
2723	6	12
248	180
26
72	23	80	29	70	
1	3	5	7	9	
2856	9	18
195	198
27
20	20	20	20	19	
1	3	4	6	7	
2870	9	18
257	220
28
25	92	51	29	28	
1	2	4	6	8	
2900	5	10
48	99
29
75	30	96	89	91	
2	3	5	7	8	
2955	10	20
286	275
30
26	81	99	93	69	
2	3	5	6	7	
3476	5	10
13	156
31
95	4	12	42	83	
1	3	4	6	7	
3518	10	20
229	268
32
8	85	96	46	39	
2	4	5	6	8	
3650	6	12
297	35
33
5	77	27	69	77	
1	2	4	6	8	
3973	9	18
62	276
34
4	34	45	83	16	
1	3	4	5	6	
4048	8	16
137	80
35
48	28	46	13	95	
1	3	4	6	8	
4075	7	14
193	207
36
69	58	38	86	90	
2	3	5	7	8	
4165	7	14
300	176
37
32	9	43	5	33	
2	3	5	6	8	
4172	5	10
297	251
38
25	25	77	87	28	
1	3	4	6	7	
4236	10	20
232	207
39
40	99	99	90	99	
2	4	6	7	9	
4351	6	12
98	288
40
55	40	34	75	34	
1	2	4	6	7	
4383	9	18
27	72
41
99	21	43	40	57	
2	4	6	8	9	
4501	7	14
40	161
42
52	66	35	97	100	
1	2	4	6	7	
4539	7	14
145	14
43
74	58	85	51	50	
1	3	4	6	7	
4549	6	12
165	248
44
13	10	93	37	76	
1	2	3	5	6	
4551	8	16
250	136
45
53	21	72	63	75	
2	4	6	7	8	
4564	7	14
100	271
46
49	24	50	32	91	
2	4	5	6	7	
4649	6	12
193	97
47
26	22	51	52	1	
2	4	6	8	10	
4703	8	16
115	35
48
19	59	87	69	75	
2	4	5	6	7	
4821	6	12
148	247
49
18	53	37	49	19	
1	2	3	4	6	
4849	8	16
294	131
50
93	81	76	66	52	
2	3	5	6	7	
4961	6	12
286	35
51
74	32	58	18	55	
1	3	5	7	9	
4967	5	10
127	191
52
100	20	95	48	55	
2	4	5	7	8	
5023	9	18
283	278
53
95	64	8	67	96	
1	2	3	4	6	
5036	9	18
125	203
54
60	16	85	44	70	
2	3	5	6	7	
5236	8	16
227	212
55
56	61	80	57	18	
2	4	6	7	9	
5316	10	20
142	130
56
50	11	72	19	44	
1	2	4	6	7	
5360	9	18
51	228
57
11	85	32	54	66	
1	3	5	7	9	
5376	10	20
121	8
58
58	74	1	45	43	
2	3	5	6	8	
5469	8	16
101	43
59
56	96	88	85	99	
2	3	4	5	6	
5553	6	12
156	140
60
92	65	89	38	8	
2	4	6	8	10	
5591	6	12
208	96
61
83	3	86	28	7	
1	2	3	4	6	
5636	7	14
63	193
62
78	7	5	51	17	
2	4	5	7	8	
5737	6	12
215	93
63
69	81	93	52	19	
1	2	4	5	6	
5758	9	18
88	54
64
23	48	11	29	38	
1	2	4	5	7	
6141	9	18
25	153
65
2	7	34	3	75	
1	3	5	6	7	
6199	5	10
64	221
66
84	99	4	48	34	
1	3	4	6	8	
6648	8	16
60	210
67
84	48	88	85	44	
2	4	5	7	8	
6999	9	18
219	80
68
68	63	99	25	67	
2	4	6	8	10	
7015	10	20
60	176
69
11	54	2	99	89	
2	4	5	7	9	
7121	10	20
183	186
70
67	3	10	6	54	
2	3	5	6	7	
7189	9	18
294	178
71
45	50	38	19	24	
1	2	4	6	8	
7193	8	16
277	26
72
37	14	8	3	52	
2	3	4	5	6	
7195	7	14
29	182
73
10	99	27	91	98	
2	4	6	7	9	
7227	10	20
259	256
74
91	9	48	1	68	
2	4	5	6	7	
7253	8	16
122	298
75
40	16	36	38	49	
2	3	5	7	8	
7376	5	10
277	218
76
81	82	10	11	30	
2	4	6	7	8	
7597	6	12
125	55
77
80	61	12	6	17	
2	4	5	7	9	
7625	7	14
90	259
78
49	55	30	33	90	
2	4	6	7	9	
7776	8	16
294	86
79
76	60	6	78	22	
1	3	4	5	7	
7967	8	16
54	229
176	39
128	299