80	5	4000	10
0
82	13	24	7	44	
2	3	4	6	7	
12	9	18
218	272
1
57	52	40	85	79	
2	3	5	7	8	
42	7	14
88	162
2
77	92	74	30	66	
1	2	4	6	7	
85	7	14
56	138
3
25	7	62	3	30	
1	2	3	4	6	
180	7	14
281	263
4
80	67	46	63	10	
1	3	5	6	7	
238	5	10
103	285
5
89	21	10	4	100	
1	2	3	5	7	
289	10	20
281	62
6
75	16	88	29	8	
1	3	4	6	7	
300	5	10
159	244
7
40	42	18	79	46	
2	4	5	6	8	
455	5	10
64	164
8
83	68	86	33	34	
1	2	4	5	6	
819	5	10
296	172
9
64	39	33	88	45	
2	4	6	7	9	
872	7	14
244	221
10
36	98	7	29	26	
2	4	6	8	10	
872	8	16
222	282
11
96	16	60	48	81	
2	3	5	7	9	
1161	6	12
47	300
12
97	39	51	89	64	
2	4	5	6	7	
1397	8	16
27	205
13
2	63	55	24	44	
1	2	3	5	6	
1552	10	20
147	123
14
40	47	28	56	29	
1	2	4	6	8	
1651	10	20
165	236
15
97	94	89	68	63	
1	3	5	7	8	
1813	6	12
3	31
16
47	8	8	71	81	
1	2	3	4	5	
1909	8	16
127	21
17
7	20	45	55	63	
1	2	3	5	7	
1947	10	20
251	168
18
49	64	54	60	57	
2	3	4	5	6	
2258	5	10
125	135
19
90	8	56	11	100	
2	4	6	7	9	
2371	7	14
18	58
20
75	72	96	53	75	
2	4	5	7	8	
2378	6	12
287	181
21
64	6	72	61	61	
1	2	3	5	6	
2489	6	12
279	180
22
36	34	8	73	4	
2	3	5	7	8	
2627	5	10
173	178
23
7	49	78	82	75	
1	3	5	7	8	
2639	6	12
83	245
24
25	48	48	54	29	
1	3	5	7	9	
2691	10	20
159	191
25
68	27	81	56	42	
2	4	6	7	9	
2734	6	12
278	149
26
59	6	55	70	72	
2	3	4	6	7	
2746	6	12
221	101
27
57	18	55	3	59	
1	2	4	5	7	
2769	6	12
212	23
28
45	22	28	44	51	
1	3	5	7	8	
2864	6	12
281	146
29
12	68	85	86	7	
1	3	4	6	8	
2906	9	18
85	40
30
75	68	12	16	55	
2	4	5	7	9	
2936	5	10
40	111
31
24	14	50	50	59	
2	3	5	6	8	
2955	7	14
199	285
32
100	95	12	65	93	
2	3	5	6	7	
3245	7	14
3	104
33
75	81	60	1	34	
2	4	6	7	8	
3262	8	16
198	49
34
31	85	63	92	99	
1	3	4	6	7	
3303	8	16
30	287
35
72	52	85	30	32	
1	3	5	7	8	
3372	10	20
180	36
36
81	89	92	5	12	
2	3	5	7	8	
3521	9	18
191	2
37
2	45	29	65	25	
1	2	4	6	7	
3644	10	20
266	198
38
98	1	6	21	24	
1	3	4	5	6	
3650	6	12
207	297
39
19	93	1	77	9	
1	3	4	5	6	
3756	10	20
234	184
40
92	8	19	1	44	
2	4	5	6	7	
3950	10	20
294	53
41
19	8	5	74	22	
2	4	6	7	8	
3961	7	14
215	99
42
33	74	1	12	83	
1	3	5	7	8	
4043	9	18
104	143
43
15	98	25	21	24	
1	2	3	4	6	
4061	9	18
33	203
44
28	76	83	78	63	
2	3	4	6	7	
4172	9	18
218	10
45
48	35	6	94	27	
1	2	4	6	7	
4251	7	14
171	32
46
20	62	63	59	41	
1	3	5	6	8	
4493	9	18
212	143
47
55	8	22	67	91	
2	4	5	6	7	
4543	5	10
249	231
48
63	76	55	28	63	
2	3	5	6	8	
4624	6	12
128	80
49
80	56	46	33	40	
1	3	4	6	7	
4958	6	12
140	290
50
11	27	78	51	4	
2	3	5	6	8	
4980	6	12
198	45
51
36	64	47	86	31	
2	4	6	8	10	
5063	6	12
218	104
52
28	28	87	42	46	
2	3	5	6	7	
5095	9	18
220	139
53
65	43	50	87	23	
1	2	4	5	6	
5407	10	20
53	172
54
53	25	52	22	43	
1	2	4	6	8	
5429	9	18
174	96
55
5	19	61	6	15	
2	3	5	6	7	
5437	9	18
251	290
56
91	22	82	48	30	
2	4	5	7	9	
5478	7	14
146	39
57
39	90	84	62	70	
2	3	5	6	8	
5640	9	18
31	291
58
75	11	40	10	75	
2	3	4	6	7	
5731	9	18
90	222
59
40	73	12	79	1	
1	3	4	5	6	
5762	7	14
202	11
60
58	27	80	58	15	
2	3	5	7	9	
5882	6	12
36	234
61
67	53	12	82	89	
2	4	5	6	8	
5910	8	16
224	126
62
70	81	5	10	6	
1	2	3	5	6	
6221	5	10
202	239
63
17	1	10	75	84	
2	4	6	8	10	
6233	9	18
290	219
64
69	17	39	20	8	
2	4	5	6	8	
6287	9	18
32	149
65
63	53	45	90	18	
1	3	4	6	7	
6295	7	14
111	78
66
83	70	61	83	12	
1	3	4	5	6	
6301	6	12
194	180
67
5	70	74	34	26	
1	2	4	6	8	
6603	5	10
11	222
68
87	54	45	78	30	
1	2	4	5	6	
6634	5	10
17	156
69
36	41	1	97	55	
2	4	5	6	7	
6810	6	12
134	271
70
4	92	32	34	80	
2	3	5	6	8	
7010	9	18
278	35
71
46	57	7	83	58	
2	4	5	7	9	
7193	7	14
197	162
72
5	66	42	62	49	
2	3	5	6	7	
7310	8	16
125	74
73
2	65	25	93	64	
1	2	4	6	7	
7328	6	12
71	211
74
97	75	19	92	14	
1	3	5	7	9	
7414	5	10
35	126
75
51	62	61	55	2	
1	3	5	6	7	
7607	8	16
279	283
76
41	55	62	47	47	
2	4	6	7	8	
7728	7	14
160	98
77
2	43	18	33	76	
1	2	4	6	7	
7847	7	14
233	286
78
90	39	75	92	25	
2	4	6	8	9	
7899	10	20
122	261
79
29	64	71	25	24	
2	3	4	6	8	
7921	8	16
141	62
275	151
293	252