80	5	4000	5
0
7	73	2	87	88	
1	2	4	5	7	
48	8	16
108	228
1
25	24	14	2	35	
1	2	3	4	6	
150	7	14
112	215
2
94	41	58	6	7	
2	4	5	7	8	
228	5	10
25	95
3
18	29	81	88	62	
2	3	4	6	8	
335	7	14
174	295
4
93	74	27	55	61	
2	3	5	6	7	
521	7	14
126	37
5
2	93	5	37	74	
2	4	5	6	8	
670	6	12
66	121
6
14	94	25	17	92	
2	3	5	6	7	
745	10	20
54	286
7
41	14	57	80	51	
1	2	3	5	6	
1006	8	16
1	193
8
19	22	72	40	7	
1	2	3	5	6	
1090	8	16
55	34
9
31	51	25	64	86	
2	3	5	6	8	
1154	8	16
52	54
10
61	95	83	26	10	
1	2	3	5	6	
1186	6	12
250	71
11
70	17	16	58	59	
1	3	5	7	9	
1186	8	16
18	204
12
23	68	49	7	55	
2	3	5	6	8	
1368	7	14
200	267
13
61	27	81	51	19	
1	3	4	5	6	
1517	6	12
159	26
14
26	95	72	2	64	
2	3	5	7	9	
1868	7	14
6	82
15
65	28	60	99	48	
1	3	5	6	8	
1914	10	20
5	95
16
4	41	32	47	12	
2	3	4	5	7	
1918	7	14
291	163
17
95	35	24	47	84	
2	3	4	6	7	
2074	10	20
141	108
18
20	50	29	8	49	
1	3	4	5	7	
2136	8	16
151	207
19
1	74	39	47	70	
1	3	5	7	8	
2201	6	12
109	7
20
39	12	69	47	31	
1	3	5	6	7	
2222	5	10
223	42
21
42	64	23	74	20	
2	4	5	6	8	
2336	5	10
8	229
22
62	92	38	86	93	
2	4	5	7	8	
2367	9	18
155	159
23
9	43	92	45	76	
2	4	5	7	8	
2513	5	10
124	167
24
6	8	79	100	74	
2	4	5	6	7	
2525	5	10
92	17
25
36	75	52	9	85	
1	3	5	6	7	
2526	8	16
144	42
26
70	15	24	90	35	
2	3	5	7	9	
2600	9	18
17	1
27
90	71	21	19	41	
2	3	4	6	7	
2713	7	14
42	263
28
92	71	15	45	25	
2	4	6	7	8	
2823	7	14
92	67
29
94	76	74	62	23	
1	2	4	6	8	
2833	8	16
5	251
30
27	5	30	41	19	
1	3	5	6	7	
2837	10	20
138	202
31
82	23	42	18	69	
1	3	5	7	9	
2901	8	16
116	153
32
92	29	52	69	48	
1	3	4	6	8	
2934	6	12
139	196
33
47	14	36	26	8	
2	4	6	8	9	
2942	9	18
202	131
34
45	79	4	60	57	
2	4	6	7	9	
3041	8	16
2	226
35
98	29	67	57	17	
2	3	5	6	8	
3105	9	18
282	214
36
25	7	83	63	93	
2	3	5	7	9	
3492	6	12
11	27
37
31	40	70	42	37	
1	3	5	6	7	
3515	6	12
212	10
38
10	37	43	9	80	
2	4	5	6	7	
3559	8	16
171	113
39
33	71	22	26	63	
2	4	6	8	9	
3620	10	20
155	1
40
74	85	20	83	93	
1	3	4	5	7	
3752	8	16
148	91
41
76	2	96	83	44	
2	4	6	7	8	
3776	5	10
51	181
42
74	98	77	59	21	
1	2	4	6	8	
3792	8	16
280	212
43
21	91	90	67	87	
1	2	4	6	7	
3851	10	20
88	11
44
63	9	12	78	8	
2	4	6	7	8	
4324	7	14
202	241
45
35	52	15	37	22	
2	4	5	7	9	
4467	10	20
190	46
46
73	50	27	75	58	
2	4	6	8	10	
4513	6	12
293	124
47
58	100	31	31	17	
2	4	5	7	9	
4675	5	10
190	196
48
42	30	33	90	31	
2	4	5	6	7	
4832	8	16
214	39
49
86	74	15	97	37	
2	4	5	7	8	
4919	8	16
91	169
50
33	53	98	8	92	
1	2	4	5	7	
4964	5	10
78	280
51
28	63	11	34	29	
2	4	5	6	8	
5105	9	18
295	116
52
1	41	1	85	74	
1	3	5	7	8	
5176	8	16
12	120
53
50	4	95	33	45	
1	3	4	6	8	
5211	6	12
229	144
54
43	23	41	44	63	
2	4	5	6	8	
5225	6	12
56	234
55
64	56	58	26	58	
1	2	3	5	7	
5253	5	10
289	73
56
13	25	56	80	91	
1	2	4	5	6	
5304	10	20
59	243
57
69	20	70	18	82	
1	2	4	5	6	
5358	10	20
79	283
58
48	30	34	79	98	
1	3	5	7	9	
5572	5	10
5	84
59
61	88	32	43	25	
1	3	4	6	8	
5633	9	18
156	51
60
6	16	5	16	54	
2	4	6	7	8	
5633	5	10
68	184
61
59	37	39	99	100	
1	3	4	6	8	
5657	8	16
191	36
62
48	17	48	6	23	
2	3	5	6	7	
5725	10	20
168	185
63
51	72	51	77	80	
1	2	4	5	7	
6072	8	16
293	294
64
38	94	86	95	36	
1	3	4	5	6	
6087	10	20
213	290
65
15	59	80	100	32	
2	3	4	5	6	
6109	7	14
101	197
66
22	39	33	20	70	
1	2	4	6	7	
6379	8	16
167	232
67
77	18	68	6	31	
2	4	6	7	8	
6444	6	12
146	20
68
94	30	77	71	70	
2	4	5	6	8	
6560	10	20
52	225
69
4	6	70	36	35	
2	3	4	6	8	
6563	6	12
210	108
70
43	69	85	23	63	
2	4	6	8	10	
6639	6	12
5	296
71
5	1	75	8	45	
1	3	5	7	9	
6919	5	10
169	39
72
53	48	69	7	37	
1	2	4	6	8	
7094	5	10
13	257
73
91	47	45	21	28	
2	4	5	6	8	
7576	9	18
207	215
74
70	49	18	3	40	
1	2	4	6	7	
7617	8	16
92	43
75
28	93	81	80	45	
1	3	5	6	8	
7648	5	10
291	193
76
100	29	13	100	12	
2	4	5	6	7	
7691	7	14
137	272
77
68	47	20	61	82	
2	3	4	6	7	
7748	7	14
63	193
78
99	63	12	11	18	
1	3	5	7	8	
7774	8	16
62	238
79
89	96	80	24	59	
1	2	4	6	8	
7959	5	10
76	259
269	15
155	70