80	5	4000	2
0
11	66	5	98	18	
2	4	6	8	10	
76	10	20
227	49
1
84	51	6	34	47	
1	2	4	6	8	
186	7	14
280	261
2
56	7	6	67	22	
2	4	6	8	9	
206	8	16
122	271
3
66	97	75	32	34	
2	4	6	7	8	
279	6	12
120	182
4
57	33	82	14	7	
1	3	5	7	9	
282	5	10
142	240
5
43	25	77	79	94	
1	2	3	5	6	
931	10	20
124	227
6
96	61	66	30	60	
2	4	6	7	9	
1128	5	10
283	53
7
9	5	13	53	62	
1	3	5	6	7	
1176	10	20
148	242
8
100	11	4	79	70	
1	2	3	4	6	
1323	10	20
205	130
9
41	39	36	54	100	
2	4	5	7	9	
1350	7	14
118	131
10
84	4	13	7	100	
1	2	3	5	7	
1527	10	20
242	215
11
70	37	38	89	60	
1	2	3	4	6	
1790	10	20
29	161
12
22	24	32	55	22	
1	3	4	6	7	
1884	10	20
123	133
13
93	99	79	46	21	
2	4	5	7	9	
2005	10	20
82	107
14
13	37	51	86	5	
1	3	4	6	7	
2036	5	10
181	248
15
48	89	94	47	36	
1	3	5	6	8	
2047	8	16
231	283
16
65	86	86	20	33	
2	3	5	6	8	
2205	5	10
237	89
17
54	48	59	86	63	
2	4	5	7	9	
2206	5	10
176	223
18
71	100	70	77	64	
2	4	5	7	8	
2243	8	16
271	107
19
32	68	62	86	91	
2	3	4	6	8	
2245	5	10
209	65
20
26	19	3	77	52	
1	3	4	6	8	
2534	5	10
122	61
21
12	27	92	62	37	
1	3	5	6	7	
2630	5	10
234	13
22
78	62	26	15	9	
1	2	4	6	7	
2644	9	18
20	227
23
57	95	1	43	44	
1	2	4	5	7	
2728	5	10
102	159
24
70	81	23	48	95	
2	4	6	8	10	
2748	7	14
29	104
25
86	6	57	86	1	
1	2	4	5	6	
2759	7	14
100	164
26
61	22	4	82	30	
1	2	4	6	7	
2786	5	10
124	45
27
98	12	32	68	2	
2	3	4	6	7	
2801	5	10
194	249
28
7	5	72	6	57	
1	2	4	6	8	
2870	8	16
216	297
29
61	88	84	37	28	
2	4	6	8	9	
2929	6	12
144	209
30
11	7	50	57	67	
1	2	4	5	7	
2983	6	12
89	216
31
35	11	58	44	40	
1	3	5	7	9	
3146	5	10
292	204
32
73	48	95	71	17	
1	3	4	6	8	
3214	10	20
263	3
33
83	96	31	22	13	
2	4	5	6	8	
3258	5	10
144	184
34
26	48	100	42	47	
2	4	5	7	9	
3510	6	12
229	261
35
16	85	39	71	2	
2	3	5	6	7	
3597	8	16
73	29
36
6	5	7	13	87	
2	4	6	7	9	
3736	6	12
10	148
37
68	16	89	89	29	
2	3	5	7	8	
3749	5	10
116	47
38
43	87	30	47	53	
1	3	5	7	8	
3840	9	18
295	123
39
69	98	59	6	92	
2	4	5	6	7	
3981	7	14
128	244
40
28	34	19	81	92	
1	2	3	5	7	
4068	7	14
298	204
41
27	93	28	40	43	
2	3	4	5	7	
4236	6	12
265	208
42
48	3	77	93	85	
1	2	4	6	7	
4293	9	18
96	260
43
93	82	34	51	39	
2	4	5	7	9	
4525	8	16
166	24
44
64	37	95	82	40	
2	4	5	7	8	
4560	8	16
143	106
45
47	88	50	37	89	
2	4	6	7	8	
4652	9	18
214	259
46
82	23	11	36	23	
2	3	5	6	8	
4705	8	16
188	93
47
84	39	64	7	2	
2	4	5	6	8	
4807	5	10
255	45
48
72	83	70	35	41	
2	3	4	5	7	
4855	5	10
195	196
49
37	13	9	38	98	
1	2	3	5	6	
4879	10	20
208	299
50
76	75	5	1	54	
2	3	4	5	6	
5008	6	12
175	137
51
70	55	73	26	52	
2	4	6	8	9	
5039	8	16
57	251
52
33	62	30	70	24	
1	3	5	6	7	
5083	6	12
121	20
53
15	44	78	34	51	
2	4	5	7	9	
5204	5	10
120	111
54
66	90	18	59	53	
1	3	5	7	9	
5218	8	16
240	123
55
100	86	2	53	88	
2	3	4	5	7	
5333	8	16
105	182
56
6	1	15	39	15	
2	3	5	6	8	
5639	5	10
258	164
57
72	4	47	42	100	
1	2	4	6	8	
5771	9	18
235	49
58
70	11	5	82	51	
1	3	4	6	7	
5919	5	10
52	201
59
47	3	56	34	7	
2	4	5	7	9	
6109	7	14
275	254
60
96	2	89	89	79	
1	3	5	6	7	
6163	9	18
238	250
61
92	9	30	28	88	
1	2	3	4	6	
6211	9	18
238	106
62
69	100	9	85	95	
1	3	5	7	8	
6290	6	12
110	76
63
95	37	61	26	44	
1	2	4	6	7	
6395	6	12
14	161
64
27	35	50	98	19	
2	4	5	7	8	
6608	9	18
33	13
65
71	28	9	39	41	
1	2	4	6	8	
6613	10	20
211	154
66
47	41	78	25	3	
1	2	3	5	6	
6654	8	16
102	47
67
57	42	5	21	54	
1	2	4	6	7	
6767	6	12
185	131
68
27	85	82	32	14	
2	4	5	6	7	
6773	7	14
280	233
69
9	52	2	70	83	
2	4	5	6	8	
6830	8	16
174	4
70
66	52	50	99	19	
2	4	6	8	9	
6874	8	16
225	119
71
83	27	87	82	71	
1	3	4	5	7	
6971	8	16
59	29
72
11	48	6	76	60	
1	3	5	6	8	
6989	7	14
144	282
73
35	29	18	61	28	
1	3	4	6	8	
7042	7	14
34	54
74
100	39	25	46	56	
1	3	4	6	8	
7085	6	12
191	194
75
21	90	97	88	15	
2	4	6	7	9	
7185	5	10
160	279
76
84	57	9	26	57	
2	4	5	7	9	
7334	5	10
231	149
77
95	9	95	83	90	
1	2	3	5	6	
7346	9	18
174	190
78
2	86	52	56	7	
2	3	5	6	8	
7563	7	14
243	238
79
56	24	60	58	50	
2	4	6	8	10	
7790	7	14
47	160
271	288
54	136