80	5	4000	3
0
33	70	45	18	6	
1	2	3	5	6	
62	10	20
131	154
1
20	8	28	14	60	
2	3	4	6	8	
140	10	20
41	284
2
78	3	60	87	11	
1	2	3	5	7	
142	8	16
254	137
3
12	85	91	49	52	
1	2	4	6	7	
461	7	14
199	250
4
20	71	38	25	29	
2	3	5	7	9	
558	9	18
185	298
5
7	46	39	34	67	
1	3	5	7	8	
766	10	20
205	86
6
29	86	78	28	9	
2	3	4	6	8	
918	10	20
265	168
7
48	75	32	78	37	
1	3	5	6	7	
942	6	12
194	54
8
51	61	7	57	3	
2	3	5	7	8	
953	10	20
248	55
9
5	69	88	82	39	
2	3	5	7	9	
1239	7	14
202	13
10
3	58	38	66	77	
2	3	5	6	8	
1379	7	14
56	295
11
19	5	26	37	84	
2	3	4	6	8	
1586	7	14
35	134
12
60	97	44	72	53	
2	4	5	7	9	
1608	8	16
244	9
13
25	36	86	73	12	
1	2	3	4	6	
1644	7	14
40	242
14
49	68	100	50	47	
2	4	5	7	9	
1717	10	20
270	57
15
21	8	24	75	86	
1	3	5	7	8	
1838	7	14
243	35
16
50	73	97	85	47	
1	3	5	6	8	
1952	6	12
106	300
17
24	21	26	35	84	
2	4	5	7	9	
1978	10	20
24	38
18
46	89	96	90	23	
1	2	4	6	7	
2050	8	16
238	86
19
99	79	39	84	17	
2	3	5	6	7	
2104	9	18
89	198
20
54	75	85	83	55	
1	2	4	5	7	
2131	5	10
263	202
21
69	40	81	22	99	
1	2	4	5	7	
2187	10	20
299	294
22
19	12	18	20	96	
2	3	4	5	6	
2283	10	20
181	86
23
73	33	1	29	14	
1	3	4	6	7	
2319	7	14
221	283
24
78	22	41	94	45	
2	4	5	7	8	
2333	8	16
276	245
25
80	81	13	36	68	
2	4	5	6	8	
2480	8	16
173	11
26
17	38	22	24	59	
1	3	5	6	8	
2522	10	20
67	234
27
57	23	14	52	16	
2	4	6	8	9	
2574	6	12
78	125
28
34	55	13	92	74	
1	3	5	6	8	
2734	9	18
53	35
29
74	19	13	22	56	
2	4	5	7	9	
2797	6	12
146	179
30
56	31	91	74	27	
2	4	5	6	7	
2840	6	12
279	84
31
8	10	48	40	82	
2	3	4	6	7	
2860	7	14
207	100
32
10	18	10	12	66	
2	4	6	8	9	
3051	9	18
258	238
33
70	89	60	19	32	
2	4	5	7	9	
3055	10	20
165	241
34
64	19	31	29	5	
2	4	5	7	9	
3228	10	20
160	19
35
80	52	67	35	75	
1	3	4	6	7	
3374	10	20
251	103
36
40	32	1	5	77	
2	4	5	7	8	
3448	8	16
48	284
37
68	11	18	2	42	
2	3	4	5	7	
3475	6	12
197	130
38
58	86	17	30	92	
2	4	6	8	10	
3500	8	16
279	50
39
41	77	84	99	60	
2	4	6	8	10	
3541	6	12
293	61
40
12	99	14	48	49	
1	2	3	4	6	
3667	7	14
241	63
41
64	62	59	10	94	
1	2	4	6	7	
3792	5	10
47	2
42
96	31	50	42	2	
1	2	3	5	7	
3819	10	20
204	300
43
85	21	51	95	66	
2	3	5	6	8	
3898	8	16
77	93
44
11	59	81	55	11	
1	2	4	6	8	
3903	9	18
118	285
45
11	93	36	93	60	
2	3	4	5	6	
3993	9	18
125	235
46
19	73	95	81	92	
2	4	5	6	8	
4323	7	14
16	23
47
52	2	59	69	42	
1	3	5	6	8	
4415	10	20
118	11
48
40	91	85	23	28	
2	4	5	7	9	
4426	8	16
258	54
49
68	92	87	70	53	
1	3	5	7	8	
4440	7	14
81	254
50
71	20	9	39	27	
1	3	4	5	7	
4841	5	10
62	34
51
75	25	74	10	92	
2	4	6	8	10	
4844	7	14
35	61
52
26	72	86	54	90	
2	4	5	7	8	
4935	8	16
157	113
53
34	27	71	52	70	
2	4	6	8	9	
5032	6	12
210	0
54
97	44	59	49	31	
1	2	4	6	7	
5037	7	14
90	61
55
41	31	50	91	77	
2	3	4	6	8	
5083	7	14
208	280
56
31	19	77	78	28	
2	4	5	6	7	
5542	5	10
240	145
57
43	94	42	69	32	
1	3	4	6	8	
5634	5	10
13	196
58
65	9	44	83	76	
1	2	4	6	7	
5640	7	14
114	45
59
73	64	41	5	19	
1	2	3	4	6	
5648	6	12
300	59
60
77	30	18	29	51	
2	3	5	7	8	
5797	5	10
188	221
61
38	12	53	73	99	
1	2	3	5	7	
5809	8	16
296	78
62
5	72	20	64	75	
2	4	5	6	7	
5845	7	14
43	80
63
93	62	94	44	6	
2	3	4	6	7	
5940	5	10
267	72
64
25	100	29	42	37	
2	4	5	6	8	
5941	7	14
107	264
65
8	13	91	73	37	
1	3	5	6	7	
6496	7	14
1	57
66
78	54	19	52	60	
2	4	5	7	8	
6515	5	10
82	260
67
89	6	24	49	38	
1	3	4	5	6	
6561	10	20
170	1
68
1	74	75	11	2	
2	4	5	6	8	
6658	5	10
128	191
69
88	66	44	64	6	
1	2	4	6	8	
6669	5	10
50	223
70
15	4	48	99	54	
1	3	4	5	6	
6833	5	10
291	133
71
68	21	67	18	11	
1	2	3	4	5	
6950	6	12
2	259
72
62	28	1	4	87	
2	4	5	6	7	
7071	8	16
65	110
73
65	27	18	94	21	
2	4	5	7	8	
7292	7	14
274	135
74
42	31	3	29	99	
2	4	5	7	8	
7419	10	20
97	226
75
37	51	11	41	21	
2	3	5	7	9	
7483	5	10
111	117
76
87	65	34	92	4	
1	3	5	7	9	
7589	6	12
227	113
77
57	23	59	91	36	
1	3	4	6	7	
7836	6	12
170	231
78
77	26	72	68	48	
1	3	4	6	8	
7939	5	10
45	140
79
94	58	13	48	33	
2	4	5	7	9	
7990	7	14
116	150
196	14
50	175