80	5	4000	13
0
61	70	61	100	32	
2	3	5	7	9	
58	6	12
85	100
1
52	91	15	55	97	
1	2	4	5	7	
116	6	12
297	74
2
38	63	18	1	42	
2	3	4	5	6	
169	10	20
182	245
3
45	5	29	95	2	
2	3	4	5	6	
478	7	14
74	213
4
7	60	72	37	15	
1	2	4	5	7	
606	7	14
129	113
5
44	42	8	70	44	
2	3	4	6	8	
669	7	14
126	277
6
48	63	76	4	95	
2	3	5	7	8	
1314	5	10
37	238
7
52	41	3	66	7	
1	3	4	5	6	
1497	8	16
214	235
8
80	10	43	33	52	
1	2	3	4	6	
1596	8	16
91	221
9
13	41	90	93	2	
2	3	5	7	8	
1803	8	16
172	250
10
68	54	3	25	59	
1	2	4	6	7	
1837	9	18
140	285
11
13	61	45	64	89	
2	4	5	6	7	
1838	7	14
267	101
12
59	35	11	100	50	
1	3	4	6	8	
1952	6	12
195	212
13
51	49	9	18	45	
1	2	4	6	8	
2025	10	20
273	70
14
6	40	11	37	77	
1	2	4	6	8	
2065	7	14
247	296
15
11	20	33	11	25	
2	3	5	6	8	
2069	8	16
183	130
16
67	29	1	32	12	
2	3	4	6	8	
2117	9	18
214	201
17
40	80	93	92	89	
1	2	3	5	7	
2152	7	14
160	86
18
85	58	58	96	78	
1	3	4	6	7	
2222	10	20
263	241
19
36	14	100	52	86	
2	3	5	7	9	
2343	10	20
78	4
20
29	26	76	64	70	
1	2	4	5	7	
2369	9	18
143	77
21
97	68	29	65	13	
2	4	5	6	8	
2419	7	14
19	220
22
4	25	32	2	9	
1	2	4	5	7	
2460	8	16
264	255
23
98	4	79	4	26	
1	3	5	6	7	
2489	7	14
3	193
24
15	64	20	91	89	
1	3	4	6	7	
2527	8	16
109	84
25
59	17	76	76	60	
1	3	5	6	8	
2735	5	10
112	26
26
92	19	40	62	50	
1	3	4	5	7	
2773	8	16
69	48
27
62	18	61	3	42	
2	4	5	7	8	
2813	10	20
134	36
28
78	2	81	43	43	
2	4	6	8	10	
2826	7	14
29	137
29
35	75	22	6	27	
2	3	4	6	7	
2961	5	10
142	197
30
100	87	34	63	67	
2	3	4	6	8	
3074	7	14
31	115
31
80	57	27	2	26	
1	3	4	6	7	
3100	8	16
154	95
32
88	27	3	80	10	
2	3	4	5	7	
3286	9	18
250	212
33
60	42	73	69	86	
2	4	6	7	8	
3418	7	14
236	277
34
8	18	90	68	24	
2	3	4	6	7	
3606	8	16
25	7
35
91	98	80	91	63	
1	3	5	7	8	
3635	7	14
193	222
36
64	11	77	4	76	
2	4	5	7	8	
3768	9	18
289	213
37
34	2	48	33	49	
2	3	4	6	7	
3814	7	14
181	264
38
33	82	26	6	60	
1	3	5	6	7	
3942	7	14
274	45
39
33	75	49	56	45	
2	4	5	6	7	
3967	5	10
165	90
40
6	79	57	61	17	
1	3	5	6	8	
3992	7	14
267	213
41
7	57	45	40	71	
1	3	5	7	9	
4069	8	16
164	84
42
54	80	46	5	64	
1	2	4	5	7	
4170	7	14
3	108
43
9	95	27	83	73	
2	3	5	7	9	
4325	6	12
266	227
44
7	38	85	73	53	
2	4	6	7	9	
4539	7	14
87	223
45
39	51	100	65	76	
1	3	4	5	6	
4548	6	12
59	252
46
15	49	23	83	54	
1	3	4	6	7	
4558	10	20
298	169
47
75	87	54	37	12	
2	4	6	8	10	
4571	8	16
277	206
48
27	7	54	58	61	
1	3	4	5	7	
4670	8	16
77	241
49
49	4	76	71	97	
2	3	4	6	7	
4832	6	12
37	88
50
95	78	97	21	99	
1	2	3	5	6	
4992	6	12
238	94
51
33	30	40	93	98	
2	3	4	5	7	
5002	5	10
17	281
52
35	27	52	47	76	
2	3	4	6	8	
5011	10	20
218	243
53
46	18	16	23	92	
1	3	4	5	7	
5044	7	14
137	151
54
20	2	98	76	22	
1	2	3	5	6	
5054	10	20
267	190
55
42	17	26	55	38	
2	4	5	7	8	
5068	7	14
186	168
56
40	3	44	20	100	
2	4	5	7	8	
5420	5	10
58	295
57
13	92	37	50	88	
2	4	5	7	9	
5606	6	12
70	255
58
75	10	52	83	65	
2	3	4	5	6	
5647	5	10
48	193
59
94	48	80	46	9	
2	3	4	6	7	
5681	7	14
287	250
60
76	91	82	48	96	
1	3	4	6	8	
5702	8	16
201	89
61
58	8	50	14	87	
2	3	4	5	7	
5716	10	20
18	177
62
9	81	37	44	96	
1	3	4	6	7	
5803	8	16
270	294
63
29	15	94	43	30	
1	3	5	7	8	
5840	10	20
42	70
64
32	47	16	77	80	
1	2	3	5	7	
6102	9	18
20	101
65
74	20	90	58	46	
2	3	5	7	9	
6264	5	10
48	167
66
34	39	63	76	97	
1	3	5	6	7	
6335	6	12
137	152
67
85	10	78	61	30	
1	2	3	4	5	
6378	8	16
93	19
68
35	89	70	56	34	
1	2	4	5	6	
6550	8	16
92	225
69
29	100	49	52	65	
2	4	6	8	9	
7152	6	12
95	129
70
40	19	21	87	52	
2	4	5	6	8	
7195	5	10
147	217
71
85	81	5	96	20	
2	3	4	6	7	
7258	7	14
299	195
72
46	8	18	55	77	
2	3	4	6	8	
7317	6	12
23	239
73
3	26	96	46	78	
1	2	4	5	7	
7349	7	14
221	164
74
73	18	86	13	90	
2	4	6	7	9	
7361	6	12
76	40
75
46	57	7	60	26	
2	4	6	7	8	
7375	7	14
11	209
76
54	53	15	9	47	
1	2	4	5	7	
7501	5	10
235	103
77
63	56	7	84	80	
1	3	4	6	7	
7530	9	18
247	183
78
38	87	88	37	2	
1	3	4	6	7	
7626	6	12
86	27
79
93	34	79	62	81	
1	3	5	6	7	
7746	7	14
161	222
288	205
19	29