80	5	4000	4
0
39	86	52	21	98	
1	2	4	6	8	
163	5	10
289	299
1
64	96	62	93	93	
2	3	4	5	7	
206	6	12
296	132
2
88	6	96	11	8	
1	3	5	6	8	
210	5	10
32	181
3
5	21	46	30	37	
2	4	6	8	9	
246	7	14
102	128
4
40	53	78	8	99	
1	2	3	5	7	
281	7	14
107	55
5
81	47	82	84	58	
2	3	4	5	6	
313	10	20
99	207
6
38	56	25	93	48	
1	3	5	7	9	
341	5	10
289	12
7
28	88	82	86	70	
1	2	4	5	7	
627	8	16
260	211
8
79	19	19	66	28	
1	2	3	4	6	
705	6	12
283	86
9
53	55	65	21	84	
1	2	3	5	6	
803	6	12
226	26
10
40	89	89	39	27	
2	3	5	6	8	
820	6	12
243	204
11
58	6	30	73	52	
1	3	5	6	7	
887	7	14
41	33
12
17	58	59	60	16	
2	4	6	8	10	
975	7	14
246	112
13
69	70	38	57	15	
2	3	5	6	8	
1228	10	20
164	278
14
27	42	39	96	28	
2	4	5	6	7	
1245	10	20
69	267
15
69	12	26	23	64	
2	4	5	7	9	
1316	5	10
267	88
16
76	29	41	29	44	
2	4	6	8	9	
1421	8	16
264	135
17
75	3	56	97	30	
1	2	3	4	5	
1542	7	14
26	66
18
28	73	87	98	36	
1	3	5	6	7	
1596	7	14
233	240
19
40	67	98	35	93	
2	4	5	7	8	
1683	7	14
11	261
20
2	36	65	83	83	
1	3	5	6	8	
1932	8	16
18	144
21
71	39	64	79	51	
1	2	4	5	7	
2038	6	12
290	217
22
40	98	78	49	33	
2	4	6	7	9	
2166	5	10
143	151
23
61	67	54	84	87	
1	3	5	7	9	
2261	7	14
239	92
24
29	90	37	46	11	
2	4	6	8	10	
2363	10	20
12	279
25
84	20	44	70	96	
2	4	6	8	9	
2474	9	18
284	249
26
68	61	85	51	50	
2	4	5	7	9	
2689	7	14
242	212
27
33	31	12	82	73	
2	4	5	6	7	
2692	9	18
218	258
28
25	76	69	28	32	
1	2	3	5	7	
2790	5	10
62	75
29
97	25	75	39	67	
1	3	5	7	8	
2949	10	20
36	53
30
36	86	34	36	70	
1	3	4	6	7	
3189	5	10
216	197
31
13	51	5	19	11	
1	2	4	6	7	
3284	8	16
298	271
32
92	7	85	80	54	
1	3	4	5	6	
3341	7	14
235	128
33
62	7	60	21	52	
2	4	5	6	8	
3934	7	14
179	230
34
79	6	51	97	18	
2	3	4	5	6	
3958	7	14
46	103
35
3	85	89	31	45	
1	3	4	6	7	
4064	6	12
159	47
36
92	74	51	27	49	
2	4	5	7	9	
4220	6	12
111	292
37
24	23	7	85	42	
2	3	5	6	8	
4292	7	14
225	244
38
67	46	72	89	88	
2	3	4	5	7	
4321	10	20
94	88
39
71	75	29	95	29	
1	2	3	4	5	
4697	8	16
255	266
40
12	3	73	7	14	
1	3	5	6	7	
4744	10	20
4	71
41
44	47	32	25	75	
1	3	4	6	7	
4828	8	16
105	127
42
40	53	8	69	47	
1	2	4	6	7	
4836	7	14
46	135
43
57	85	11	86	60	
2	4	6	7	9	
4889	5	10
6	244
44
65	44	84	36	18	
1	2	3	5	7	
4892	6	12
231	182
45
55	38	59	55	51	
2	4	5	6	8	
4949	10	20
208	275
46
10	96	50	83	46	
2	4	6	7	8	
5036	7	14
287	46
47
57	71	66	54	95	
1	2	3	4	5	
5273	7	14
223	255
48
38	73	88	70	58	
1	3	4	5	7	
5292	5	10
207	47
49
50	60	17	49	42	
2	3	5	6	8	
5346	7	14
253	284
50
92	98	87	97	4	
1	3	4	6	8	
5513	9	18
277	78
51
94	20	24	73	40	
1	3	5	7	8	
5524	8	16
142	149
52
30	69	12	46	69	
2	3	5	6	7	
5557	9	18
87	141
53
26	37	78	36	68	
1	2	4	6	8	
5701	5	10
200	123
54
15	74	67	33	15	
1	2	4	5	7	
5821	9	18
131	169
55
92	8	28	15	61	
1	2	3	5	6	
5850	6	12
167	279
56
4	92	62	38	38	
2	4	6	7	8	
5890	6	12
93	30
57
62	51	3	33	12	
1	2	4	5	6	
5904	6	12
270	29
58
83	45	8	77	1	
2	3	4	6	7	
5922	9	18
297	84
59
45	15	94	35	66	
1	2	4	6	7	
5946	6	12
247	248
60
2	23	17	39	49	
2	3	4	5	7	
5965	5	10
222	238
61
42	21	55	34	64	
1	2	3	4	6	
6066	7	14
2	154
62
36	67	66	44	91	
2	3	4	5	7	
6199	9	18
187	294
63
77	74	16	16	45	
2	3	5	7	8	
6204	10	20
261	214
64
54	11	62	93	14	
2	3	5	6	8	
6315	5	10
50	237
65
32	21	37	47	45	
2	4	6	8	10	
6411	6	12
227	3
66
18	56	82	58	48	
2	3	4	6	7	
6487	8	16
8	110
67
92	13	58	76	85	
2	3	5	6	7	
6506	8	16
256	264
68
100	98	99	5	97	
1	2	4	5	6	
6583	7	14
122	65
69
89	25	85	7	79	
2	4	6	8	10	
6637	5	10
63	115
70
95	76	16	74	99	
1	2	4	6	8	
6880	8	16
138	212
71
13	35	61	56	98	
1	3	4	6	7	
7047	9	18
112	0
72
4	24	36	94	43	
2	4	5	7	8	
7235	8	16
273	51
73
74	100	45	43	78	
2	3	5	7	9	
7288	6	12
209	6
74
72	70	35	5	48	
2	4	6	8	10	
7351	9	18
20	199
75
20	86	84	29	30	
2	4	5	6	7	
7490	9	18
199	162
76
8	19	16	78	4	
1	3	5	7	8	
7630	7	14
235	269
77
45	58	35	1	58	
2	4	6	7	8	
7771	9	18
3	267
78
84	22	20	11	81	
1	2	3	4	5	
7833	9	18
91	42
79
44	74	42	34	43	
1	3	5	7	9	
7954	9	18
224	71
128	87
122	155