80	5	4000	11
0
11	89	85	26	23	
1	2	3	5	7	
76	9	18
140	113
1
19	97	19	54	72	
2	4	5	7	8	
86	5	10
10	139
2
69	9	21	56	74	
2	3	4	6	7	
428	6	12
296	267
3
93	68	51	80	62	
1	3	5	7	9	
436	9	18
95	10
4
52	97	59	61	24	
2	4	6	7	9	
514	8	16
53	151
5
89	33	3	93	5	
2	3	5	7	8	
577	8	16
297	37
6
48	81	53	6	5	
1	2	4	6	7	
580	8	16
41	51
7
36	35	75	81	64	
1	3	4	5	6	
592	6	12
171	157
8
50	5	87	25	31	
2	4	5	6	8	
815	7	14
187	188
9
39	98	44	55	79	
1	2	4	6	8	
824	6	12
0	186
10
46	44	52	53	32	
2	4	5	7	9	
879	7	14
176	150
11
100	83	49	9	86	
2	4	5	7	9	
1027	9	18
8	7
12
10	84	34	12	28	
2	3	4	6	7	
1068	5	10
18	137
13
41	41	53	73	48	
2	4	6	8	10	
1101	10	20
113	300
14
7	19	5	32	54	
2	4	6	7	8	
1130	7	14
38	27
15
58	68	16	69	83	
2	3	4	5	7	
1164	5	10
222	186
16
86	34	97	29	30	
2	4	5	6	7	
1320	6	12
5	4
17
7	99	82	55	100	
1	2	4	6	7	
1388	10	20
200	88
18
64	58	85	84	29	
1	2	3	5	7	
1417	6	12
202	5
19
62	89	71	19	11	
2	3	5	6	8	
1481	6	12
142	285
20
9	13	35	64	88	
2	4	6	7	8	
1670	8	16
54	116
21
43	80	31	90	56	
2	4	6	8	9	
1744	10	20
294	295
22
15	56	3	80	69	
2	4	6	7	9	
1867	7	14
175	189
23
84	44	88	96	31	
2	3	5	6	7	
1892	9	18
236	181
24
20	100	54	83	57	
2	4	6	8	9	
1945	7	14
118	236
25
88	84	27	12	13	
2	4	5	7	8	
2089	5	10
192	215
26
18	33	62	47	36	
2	4	5	7	8	
2170	6	12
44	75
27
3	52	37	82	71	
2	4	5	7	8	
2187	5	10
245	65
28
78	33	59	28	46	
1	2	3	5	6	
2300	9	18
286	23
29
31	3	54	64	99	
2	4	6	8	10	
2351	7	14
208	28
30
83	24	85	18	72	
2	3	4	6	7	
2391	5	10
249	77
31
81	88	90	3	34	
1	2	3	4	5	
2428	8	16
169	283
32
89	61	22	78	90	
1	3	4	5	6	
2581	9	18
153	0
33
46	44	41	69	53	
2	4	5	6	8	
2838	5	10
171	260
34
17	4	42	71	83	
2	3	4	5	6	
2903	8	16
181	85
35
93	36	49	2	17	
1	2	3	4	6	
2929	6	12
152	93
36
76	77	61	8	91	
1	2	4	6	7	
3030	5	10
247	17
37
74	50	4	82	15	
2	4	5	7	8	
3182	8	16
137	35
38
6	40	26	35	66	
2	4	5	7	8	
3285	10	20
153	92
39
58	87	75	47	65	
2	4	5	6	8	
3384	7	14
91	224
40
20	53	72	53	50	
1	2	3	5	7	
3634	10	20
91	270
41
88	68	89	80	44	
2	3	5	6	7	
3650	10	20
175	23
42
5	86	92	81	79	
2	3	4	5	6	
3858	6	12
92	133
43
45	34	58	45	25	
2	3	5	6	8	
3927	6	12
237	271
44
28	51	88	12	17	
1	3	4	5	7	
4142	6	12
89	175
45
7	32	15	52	87	
2	3	4	5	6	
4154	9	18
169	1
46
35	96	66	39	92	
2	4	5	7	9	
4680	5	10
209	234
47
58	45	51	18	90	
1	3	5	6	7	
4763	10	20
141	200
48
75	80	77	51	29	
2	3	5	7	9	
4866	7	14
169	255
49
72	28	21	16	82	
2	4	5	6	7	
4975	7	14
146	221
50
82	91	13	55	70	
2	3	4	6	8	
5051	7	14
192	103
51
56	88	24	2	86	
2	4	5	6	8	
5121	6	12
206	72
52
98	60	17	10	66	
2	3	4	6	7	
5201	5	10
244	71
53
22	39	95	87	83	
1	3	5	6	7	
5243	8	16
243	210
54
42	81	47	69	4	
2	4	6	8	9	
5357	7	14
87	92
55
15	94	65	52	88	
2	3	4	5	7	
5425	5	10
230	114
56
43	3	47	17	47	
2	3	4	6	7	
5428	5	10
63	252
57
48	28	45	98	10	
2	3	4	5	6	
5704	8	16
190	224
58
82	98	16	62	15	
2	3	4	6	8	
5945	9	18
258	3
59
40	37	44	16	84	
1	3	4	5	7	
5984	7	14
148	148
60
95	30	86	58	30	
2	3	4	5	6	
6130	5	10
49	238
61
40	85	83	51	5	
1	3	4	6	8	
6258	7	14
104	104
62
52	59	8	71	11	
1	2	3	4	5	
6289	10	20
151	249
63
77	2	71	12	75	
1	2	4	5	7	
6325	7	14
205	170
64
74	68	1	47	12	
2	3	4	5	7	
6328	6	12
81	172
65
95	56	18	64	66	
2	4	5	6	7	
6610	6	12
63	245
66
26	98	81	34	65	
1	2	3	4	6	
6675	5	10
8	80
67
43	78	24	38	94	
2	3	5	6	7	
6850	9	18
267	235
68
18	72	67	60	95	
2	3	4	5	6	
6875	5	10
291	30
69
98	75	31	50	37	
2	4	6	8	10	
6891	8	16
249	22
70
29	3	41	9	6	
1	2	3	5	6	
6951	10	20
218	35
71
85	35	84	19	58	
2	3	4	5	7	
6967	5	10
248	196
72
30	17	86	28	94	
1	2	3	4	5	
7136	9	18
279	240
73
61	97	89	72	89	
1	3	5	7	9	
7157	7	14
10	180
74
46	71	15	17	72	
1	3	4	6	8	
7163	5	10
84	161
75
1	44	81	29	58	
1	2	4	6	7	
7312	10	20
105	29
76
79	82	80	79	69	
1	2	3	4	6	
7578	5	10
157	123
77
73	61	87	12	67	
1	2	4	6	7	
7660	5	10
20	16
78
57	20	44	4	95	
1	3	5	6	8	
7848	8	16
95	225
79
74	67	29	80	29	
2	3	5	7	8	
7875	5	10
222	21
16	220
5	105