80	5	4000	16
0
15	73	51	58	25	
1	3	5	6	8	
23	9	18
166	93
1
85	3	66	26	86	
1	3	5	7	8	
167	9	18
232	61
2
24	73	68	80	10	
2	4	6	7	9	
212	6	12
214	127
3
96	31	69	68	62	
2	4	6	8	9	
270	8	16
126	252
4
66	31	30	66	30	
2	4	5	7	9	
608	7	14
56	5
5
63	47	42	38	23	
1	3	5	6	7	
619	7	14
192	262
6
8	99	78	21	50	
2	3	4	5	7	
631	7	14
237	156
7
71	30	61	73	38	
1	3	4	6	7	
839	8	16
250	73
8
17	68	47	57	85	
1	3	5	7	9	
1010	5	10
36	56
9
92	66	33	96	74	
2	3	5	7	8	
1081	8	16
68	71
10
69	24	8	24	97	
2	3	4	5	6	
1085	7	14
122	113
11
17	84	94	62	61	
1	3	4	6	7	
1146	7	14
241	17
12
11	91	96	82	13	
2	4	6	7	9	
1163	10	20
12	49
13
42	2	40	90	90	
2	3	5	6	8	
1253	7	14
237	147
14
61	56	18	13	16	
2	4	5	7	9	
1338	10	20
280	157
15
83	7	48	98	54	
1	2	3	5	7	
1456	9	18
272	3
16
3	27	93	43	53	
2	4	5	7	9	
1669	9	18
62	226
17
71	88	64	20	32	
2	3	5	6	7	
1784	7	14
96	22
18
89	17	8	92	61	
2	3	4	5	6	
1985	7	14
46	66
19
80	64	42	33	77	
2	3	5	6	7	
2057	7	14
147	236
20
49	85	82	73	79	
1	2	3	5	6	
2158	9	18
208	130
21
43	49	97	62	97	
1	2	4	6	7	
2279	7	14
91	6
22
18	31	97	92	31	
2	3	4	5	7	
2398	8	16
248	35
23
31	15	35	45	68	
1	2	4	6	8	
2430	6	12
51	139
24
9	31	70	35	15	
2	4	6	7	8	
2541	5	10
25	163
25
82	74	79	12	81	
2	3	5	6	7	
2560	6	12
191	179
26
4	21	60	88	1	
1	2	4	6	8	
2691	8	16
230	86
27
60	100	29	17	59	
2	4	6	7	9	
2897	9	18
24	300
28
73	19	71	100	64	
1	3	4	5	7	
3002	5	10
271	38
29
52	63	82	94	45	
2	4	6	8	10	
3275	9	18
78	272
30
9	91	18	85	64	
2	3	4	5	7	
3342	7	14
275	268
31
37	61	11	72	98	
2	3	5	7	8	
3599	10	20
148	231
32
81	88	14	60	15	
2	4	6	8	10	
3630	5	10
198	120
33
97	91	46	99	49	
1	3	5	7	8	
3821	6	12
101	51
34
64	75	32	71	3	
2	3	5	6	8	
3952	6	12
220	237
35
23	81	25	87	99	
2	3	5	7	8	
4037	9	18
191	5
36
47	42	67	22	52	
2	4	5	6	8	
4164	9	18
155	51
37
77	74	31	92	46	
2	4	6	7	8	
4383	7	14
189	79
38
30	52	38	93	25	
2	3	5	6	7	
4545	5	10
164	154
39
37	36	92	65	41	
1	3	4	5	7	
4566	5	10
236	197
40
15	95	62	12	43	
1	3	5	7	8	
4590	9	18
298	214
41
9	6	15	4	49	
2	4	5	7	8	
4630	6	12
141	40
42
7	83	31	69	95	
2	3	4	6	8	
4770	6	12
123	201
43
90	100	64	18	35	
2	3	4	5	6	
4820	7	14
135	157
44
8	20	25	87	11	
1	3	5	7	9	
4825	10	20
40	276
45
17	38	11	55	89	
1	3	4	5	7	
4936	9	18
172	89
46
91	28	43	49	21	
1	2	3	5	7	
5134	9	18
114	160
47
50	85	20	17	60	
2	4	5	7	9	
5163	7	14
222	208
48
89	16	86	28	80	
1	3	5	6	7	
5247	10	20
287	145
49
13	91	19	22	8	
1	2	3	5	6	
5247	7	14
287	187
50
83	74	73	2	14	
2	4	5	7	8	
5286	10	20
284	52
51
72	1	27	19	40	
1	2	3	4	6	
5288	9	18
93	170
52
81	60	54	63	31	
1	3	4	6	7	
5329	9	18
204	297
53
19	50	66	74	26	
2	4	6	8	10	
5478	8	16
23	283
54
19	70	62	9	93	
2	3	4	5	6	
5616	9	18
279	195
55
50	74	72	66	59	
1	3	5	7	8	
5924	7	14
262	51
56
64	41	65	84	61	
2	4	6	7	8	
5928	6	12
29	59
57
35	20	31	31	66	
1	3	5	7	8	
6004	7	14
226	160
58
46	94	95	80	57	
1	3	5	7	9	
6067	5	10
244	106
59
94	47	48	19	15	
2	4	5	7	8	
6091	5	10
63	16
60
97	50	71	6	97	
1	2	4	6	8	
6098	9	18
125	187
61
25	62	56	24	11	
1	3	4	5	6	
6461	5	10
267	282
62
9	52	86	20	72	
1	3	5	6	7	
6600	5	10
177	68
63
42	13	70	89	94	
2	4	6	8	9	
6716	5	10
197	254
64
31	77	87	31	65	
1	3	4	6	8	
6765	6	12
18	213
65
5	63	50	17	2	
1	2	4	5	7	
6868	8	16
129	112
66
58	15	100	4	11	
2	4	6	7	8	
6909	10	20
142	221
67
22	99	76	26	20	
1	3	5	7	8	
7020	6	12
152	236
68
96	41	94	87	11	
1	2	3	5	6	
7029	6	12
84	128
69
16	50	62	14	14	
2	3	4	5	6	
7056	7	14
224	61
70
70	31	24	3	16	
2	3	4	5	7	
7066	9	18
206	114
71
94	52	35	98	47	
2	3	4	6	7	
7201	6	12
176	125
72
24	21	28	27	75	
1	3	4	5	7	
7234	5	10
261	207
73
70	95	45	94	11	
1	2	3	5	7	
7264	5	10
134	226
74
12	10	71	88	49	
2	3	4	5	6	
7288	6	12
74	96
75
23	78	95	74	100	
2	4	6	8	9	
7452	8	16
32	130
76
12	13	72	90	74	
1	3	5	6	8	
7457	7	14
142	147
77
66	49	13	61	63	
1	2	3	5	7	
7459	8	16
135	218
78
3	2	99	43	90	
1	3	5	6	8	
7754	10	20
254	139
79
30	40	76	79	92	
1	2	4	5	7	
7987	8	16
171	208
250	232
73	120