80	5	4000	8
0
63	99	18	22	82	
2	3	5	7	9	
53	5	10
124	213
1
82	76	86	61	28	
2	4	5	7	8	
113	7	14
286	210
2
16	95	42	49	25	
1	3	4	5	6	
257	10	20
237	216
3
16	75	54	69	93	
1	3	5	6	7	
379	8	16
116	48
4
7	64	8	18	57	
1	2	3	4	6	
473	9	18
40	180
5
4	23	69	1	52	
1	3	5	6	7	
531	6	12
70	47
6
42	4	51	28	49	
2	3	5	6	7	
583	6	12
5	195
7
76	27	83	6	69	
2	4	6	7	9	
834	9	18
150	201
8
12	10	90	26	88	
1	3	4	5	7	
842	5	10
269	68
9
89	88	39	23	8	
2	3	5	7	8	
851	8	16
265	203
10
78	32	25	3	20	
2	4	5	7	9	
855	7	14
96	289
11
30	3	53	92	22	
1	2	3	4	5	
1123	7	14
258	243
12
25	42	21	84	60	
1	3	5	7	9	
1189	6	12
56	260
13
9	7	99	96	61	
2	3	4	5	6	
1210	7	14
269	229
14
63	63	19	82	90	
1	3	5	6	7	
1454	10	20
163	230
15
81	33	55	63	5	
2	4	5	6	7	
1490	6	12
183	231
16
68	19	68	64	35	
1	2	3	5	7	
1491	10	20
176	241
17
98	29	9	8	46	
1	2	3	5	7	
1544	9	18
157	267
18
40	87	42	65	71	
1	3	5	6	7	
1646	8	16
96	61
19
95	99	85	88	57	
2	4	6	8	10	
1680	9	18
130	215
20
88	92	77	53	30	
1	3	4	5	6	
1790	9	18
253	248
21
97	20	18	68	87	
1	3	4	6	8	
1950	8	16
223	111
22
8	57	31	26	98	
2	3	5	7	8	
2102	8	16
233	165
23
97	78	70	65	98	
1	3	5	7	8	
2592	7	14
189	66
24
49	52	82	78	48	
1	3	5	6	8	
2970	9	18
145	238
25
95	38	34	45	75	
1	2	3	4	6	
3193	9	18
227	111
26
67	28	96	55	31	
1	2	3	4	6	
3546	9	18
5	159
27
57	52	19	78	98	
2	4	6	8	9	
3618	7	14
87	167
28
50	95	36	90	58	
1	2	3	5	6	
3622	9	18
51	156
29
66	86	1	13	94	
2	4	5	6	7	
3841	10	20
154	154
30
89	97	37	52	16	
1	2	3	5	7	
3925	7	14
169	34
31
88	45	91	70	26	
2	4	5	6	8	
3994	6	12
16	287
32
74	49	98	43	89	
2	4	5	7	9	
4092	9	18
276	276
33
98	88	50	27	42	
1	3	5	7	9	
4129	6	12
136	210
34
59	37	94	65	37	
1	3	4	5	6	
4137	6	12
174	197
35
33	65	43	83	16	
2	4	5	7	9	
4197	9	18
123	0
36
43	43	37	2	81	
2	4	6	7	9	
4278	10	20
143	5
37
30	2	32	90	34	
1	3	4	6	7	
4300	10	20
140	120
38
13	77	41	100	5	
2	4	6	7	8	
4370	10	20
146	216
39
23	25	73	79	92	
2	3	5	6	8	
4444	7	14
118	221
40
93	35	59	84	96	
1	2	3	5	7	
4464	9	18
47	177
41
32	13	72	3	51	
1	2	4	5	6	
4539	5	10
97	22
42
43	65	89	85	63	
2	3	4	5	7	
4708	10	20
72	289
43
16	66	69	24	9	
2	4	5	7	9	
4738	6	12
75	81
44
9	80	95	81	18	
1	2	4	6	8	
4776	9	18
36	137
45
72	48	67	52	83	
2	4	6	7	8	
4799	10	20
281	52
46
59	99	39	37	30	
2	4	6	7	9	
4952	7	14
241	255
47
87	99	72	73	68	
1	3	4	6	7	
4976	9	18
45	169
48
12	82	82	3	78	
2	4	6	7	8	
4994	7	14
220	35
49
63	15	10	30	90	
2	4	5	6	8	
5116	10	20
226	139
50
22	73	59	61	69	
2	3	5	6	8	
5223	7	14
227	176
51
60	16	78	86	90	
1	3	4	6	7	
5269	8	16
277	80
52
64	40	9	55	52	
2	4	6	7	8	
5289	5	10
121	184
53
40	19	85	30	47	
1	3	5	6	8	
5310	7	14
40	145
54
50	83	21	56	3	
2	3	5	6	7	
5312	9	18
7	54
55
82	93	82	36	82	
1	2	4	6	8	
5404	6	12
7	142
56
79	80	5	70	5	
1	3	4	6	8	
5411	8	16
85	234
57
5	51	86	27	14	
1	3	5	6	7	
5517	7	14
219	289
58
48	48	62	36	82	
2	3	5	6	8	
5533	7	14
7	270
59
97	36	70	52	15	
2	4	5	6	8	
5774	6	12
175	232
60
33	40	67	68	10	
2	3	5	6	7	
5928	10	20
144	98
61
95	89	81	21	79	
1	2	3	4	6	
6356	6	12
148	289
62
41	8	28	74	34	
1	2	3	5	6	
6422	9	18
106	280
63
4	40	79	60	49	
1	2	4	5	7	
6636	8	16
270	83
64
12	72	79	46	85	
2	4	5	7	9	
6760	5	10
83	47
65
63	18	66	56	28	
2	3	5	7	9	
6770	6	12
115	287
66
80	59	14	66	53	
1	2	4	5	7	
6863	10	20
63	215
67
75	75	14	9	49	
2	3	4	6	8	
6920	10	20
212	137
68
37	77	82	74	30	
2	4	6	8	9	
6974	5	10
277	154
69
26	31	86	16	57	
1	2	4	5	6	
7062	7	14
289	87
70
1	3	38	2	45	
2	4	5	7	8	
7230	10	20
46	115
71
56	39	67	78	73	
2	3	4	5	6	
7267	8	16
182	43
72
54	28	83	78	88	
2	4	5	7	9	
7290	9	18
185	151
73
71	46	77	67	18	
1	3	4	5	6	
7594	8	16
32	88
74
59	25	77	85	21	
2	4	6	7	9	
7608	10	20
12	262
75
17	12	55	17	78	
1	2	3	5	7	
7609	5	10
22	158
76
10	63	34	44	37	
2	4	6	7	8	
7849	8	16
133	9
77
15	33	62	10	35	
2	4	6	8	9	
7910	10	20
17	22
78
44	19	61	65	85	
1	2	3	5	7	
7942	9	18
299	237
79
64	49	78	3	75	
1	3	5	6	8	
7978	7	14
149	121
246	10
43	205