80	5	4000	0
0
11	31	21	76	63	
2	3	4	5	7	
27	8	16
142	48
1
98	91	90	23	48	
1	3	5	6	7	
404	9	18
154	101
2
37	22	76	20	6	
1	2	3	5	7	
404	8	16
120	111
3
96	89	19	62	47	
1	2	3	5	6	
462	10	20
223	46
4
2	55	97	43	5	
2	3	4	5	6	
477	7	14
58	251
5
52	70	48	71	86	
1	2	3	5	7	
498	5	10
55	56
6
93	62	52	79	10	
2	3	5	7	9	
952	9	18
84	22
7
22	60	62	72	31	
1	3	5	6	7	
967	7	14
240	232
8
62	49	43	81	9	
1	3	5	6	7	
1007	6	12
257	179
9
39	66	59	82	4	
2	4	5	6	8	
1038	7	14
225	231
10
12	38	28	96	76	
2	3	4	6	8	
1133	9	18
136	123
11
26	5	53	85	1	
2	3	5	6	7	
1246	8	16
222	4
12
54	74	30	60	68	
1	3	4	6	8	
1314	7	14
3	68
13
1	49	54	87	77	
1	2	4	6	8	
1470	10	20
35	227
14
95	9	45	36	46	
1	2	3	4	5	
1520	10	20
227	67
15
19	98	26	7	33	
1	2	4	6	8	
1932	8	16
70	79
16
8	48	33	11	42	
2	4	5	6	7	
1982	8	16
270	195
17
94	47	99	56	24	
2	4	6	8	9	
2030	10	20
275	188
18
94	17	32	62	51	
2	3	5	7	9	
2119	10	20
12	290
19
61	56	82	68	56	
2	4	5	7	8	
2224	6	12
115	47
20
73	72	18	45	40	
2	4	5	6	8	
2391	6	12
292	283
21
85	31	42	61	93	
2	3	4	6	8	
2434	5	10
284	160
22
61	85	31	17	5	
2	4	5	7	9	
2486	8	16
147	230
23
14	63	7	97	10	
1	2	3	4	5	
2491	8	16
227	22
24
92	35	11	66	19	
1	3	5	7	9	
2614	5	10
163	24
25
76	88	19	75	28	
1	3	5	7	8	
2674	9	18
239	86
26
20	35	25	88	6	
1	2	4	5	6	
2689	9	18
148	185
27
52	35	63	57	34	
1	3	5	6	7	
2717	10	20
278	107
28
87	56	37	88	67	
1	3	4	6	8	
2725	8	16
57	80
29
81	60	13	89	84	
1	2	4	6	7	
3171	8	16
87	51
30
41	52	58	18	9	
2	4	6	7	8	
3263	6	12
277	266
31
99	20	96	22	84	
2	3	4	6	8	
3317	6	12
175	99
32
19	96	68	69	87	
2	4	5	7	9	
3439	5	10
171	260
33
78	54	91	51	23	
1	3	4	6	7	
3516	5	10
243	67
34
51	87	77	100	28	
2	4	5	7	8	
3682	9	18
16	106
35
75	46	84	73	26	
2	4	5	6	7	
3731	9	18
65	70
36
40	17	6	74	17	
1	2	4	5	6	
3742	8	16
179	197
37
69	67	85	57	32	
2	4	5	6	8	
3754	6	12
263	238
38
11	87	100	56	89	
2	3	4	5	6	
3975	8	16
102	249
39
86	26	37	31	68	
1	2	3	5	6	
4142	5	10
217	256
40
76	16	41	4	27	
2	3	4	5	7	
4191	5	10
282	132
41
26	66	54	28	92	
1	3	4	6	8	
4254	10	20
50	212
42
31	77	17	81	82	
1	2	4	5	7	
4340	9	18
181	225
43
48	86	14	13	50	
2	3	4	6	7	
4353	6	12
212	247
44
17	4	26	50	52	
1	2	3	5	7	
4389	5	10
229	74
45
90	2	61	55	32	
2	4	5	6	7	
4428	10	20
3	205
46
29	69	7	11	67	
2	3	4	6	7	
4459	8	16
72	192
47
89	75	26	60	59	
2	4	6	8	10	
4496	8	16
194	126
48
79	43	11	61	70	
2	3	4	6	7	
4526	7	14
80	99
49
4	88	87	99	68	
2	4	5	7	8	
4726	8	16
103	163
50
19	100	75	72	93	
1	2	3	5	6	
4849	6	12
168	249
51
27	77	51	47	77	
1	2	3	4	5	
4866	6	12
17	136
52
77	35	17	88	61	
2	4	5	7	8	
4891	10	20
179	206
53
61	59	99	17	49	
1	2	3	4	5	
4935	5	10
86	245
54
40	60	27	93	51	
2	3	5	7	9	
5077	5	10
167	89
55
42	46	30	86	9	
2	3	4	6	8	
5326	5	10
204	33
56
71	44	38	28	17	
1	3	4	5	7	
5382	9	18
172	97
57
56	23	83	39	37	
1	3	5	7	8	
5483	6	12
39	57
58
70	70	58	98	43	
2	4	5	6	7	
5523	8	16
13	231
59
79	25	9	6	72	
2	4	6	7	9	
5610	7	14
5	201
60
26	53	76	50	61	
2	4	5	6	8	
5823	6	12
38	65
61
1	35	67	13	95	
1	3	5	7	8	
5869	5	10
55	86
62
34	49	41	79	73	
1	2	4	5	6	
5992	10	20
198	205
63
35	24	34	11	93	
1	2	3	4	6	
6104	9	18
70	96
64
48	89	18	79	30	
1	3	5	7	9	
6234	8	16
59	281
65
85	75	45	67	89	
1	3	4	6	8	
6300	5	10
113	191
66
97	92	36	50	51	
1	2	3	5	6	
6391	10	20
176	235
67
79	88	92	87	17	
1	2	4	6	8	
6398	7	14
128	281
68
50	11	68	18	22	
1	3	4	5	6	
6432	9	18
172	292
69
69	12	27	73	98	
2	4	6	7	8	
6888	5	10
120	182
70
92	89	39	94	72	
2	4	6	7	9	
6892	6	12
221	119
71
3	75	73	88	92	
1	3	4	5	7	
7147	9	18
207	127
72
14	65	95	67	74	
1	2	3	5	6	
7295	5	10
169	74
73
1	61	8	47	45	
1	3	5	7	8	
7458	7	14
278	36
74
100	9	1	96	99	
1	3	4	5	7	
7540	8	16
280	156
75
95	85	69	58	69	
2	3	4	5	7	
7582	9	18
263	63
76
66	92	43	94	83	
1	2	4	5	7	
7746	6	12
246	47
77
61	15	48	86	74	
2	3	4	6	8	
7762	10	20
267	198
78
34	19	33	8	77	
1	3	5	6	8	
7926	10	20
181	295
79
56	85	7	22	46	
1	2	4	5	7	
7984	9	18
276	71
12	198
241	156