80	5	4000	19
0
76	81	81	33	35	
2	3	5	6	8	
19	6	12
15	183
1
14	58	13	15	30	
2	3	4	5	6	
217	5	10
94	6
2
26	80	40	73	37	
1	2	4	6	8	
371	8	16
250	14
3
52	82	89	40	37	
1	2	3	5	7	
543	5	10
76	180
4
66	81	68	35	10	
1	3	4	6	7	
604	7	14
21	191
5
2	91	97	5	90	
1	2	4	5	7	
653	7	14
114	158
6
34	88	69	53	14	
2	4	5	6	7	
919	9	18
193	216
7
86	16	71	8	1	
2	3	5	7	9	
1286	5	10
236	215
8
58	21	63	23	31	
1	3	5	7	9	
1311	9	18
278	221
9
64	38	52	7	48	
1	2	3	5	7	
1532	6	12
182	164
10
65	12	50	90	91	
2	3	4	6	8	
1682	8	16
35	29
11
33	26	65	3	40	
2	3	4	5	7	
1884	10	20
218	254
12
67	47	86	33	34	
2	3	5	6	8	
2101	7	14
94	210
13
60	48	50	39	30	
2	4	5	6	8	
2122	8	16
157	83
14
41	80	51	14	89	
1	2	3	4	6	
2233	6	12
131	221
15
81	32	66	22	72	
2	3	5	7	8	
2364	8	16
182	126
16
63	71	46	29	94	
1	2	3	4	6	
2383	7	14
236	114
17
28	55	68	57	60	
2	3	4	6	8	
2418	9	18
256	109
18
73	82	68	47	27	
1	3	4	6	7	
2458	6	12
228	91
19
76	81	65	59	25	
1	2	4	5	6	
2465	9	18
19	2
20
55	9	9	20	15	
2	4	6	8	10	
2643	5	10
240	205
21
13	34	92	85	1	
2	4	5	6	7	
2673	7	14
270	22
22
8	43	41	15	73	
1	3	4	6	8	
2982	8	16
65	205
23
15	73	39	23	58	
2	4	5	6	8	
2998	5	10
157	204
24
97	32	34	65	81	
2	4	5	7	9	
3068	7	14
104	0
25
98	28	72	92	6	
2	3	5	7	8	
3081	7	14
204	262
26
80	43	12	65	91	
2	4	5	6	7	
3081	10	20
245	99
27
81	22	65	90	61	
2	4	6	7	9	
3182	5	10
76	252
28
51	83	49	41	5	
1	3	4	5	6	
3423	7	14
172	74
29
52	21	70	5	47	
1	2	3	4	6	
3430	9	18
19	195
30
72	73	4	48	85	
1	2	4	5	6	
3603	10	20
147	67
31
10	27	84	2	88	
1	2	4	5	6	
3634	7	14
71	254
32
8	29	5	73	34	
2	4	5	6	8	
3803	9	18
212	9
33
80	90	98	55	8	
2	3	4	5	6	
3819	9	18
117	287
34
26	49	18	58	90	
1	2	3	4	6	
3826	10	20
257	219
35
28	23	31	61	73	
2	3	5	6	7	
3854	9	18
231	255
36
66	46	61	58	71	
1	3	4	5	6	
3932	8	16
81	15
37
66	75	30	60	66	
2	4	6	7	9	
4523	6	12
175	208
38
83	44	82	6	58	
1	2	4	5	7	
4582	7	14
19	122
39
1	89	33	12	49	
2	4	5	7	8	
4629	5	10
168	241
40
52	70	24	52	32	
1	3	5	7	8	
4715	9	18
128	107
41
22	40	38	51	77	
1	3	5	6	8	
4761	5	10
32	126
42
31	69	14	9	89	
1	2	4	6	8	
4960	9	18
54	218
43
13	17	62	63	66	
2	3	5	6	7	
5023	8	16
71	46
44
17	31	44	5	9	
2	3	4	6	7	
5026	9	18
180	118
45
88	56	3	46	77	
1	2	4	6	8	
5154	10	20
101	201
46
79	53	49	89	23	
2	3	5	7	9	
5166	6	12
233	230
47
36	41	77	53	19	
2	3	5	6	8	
5172	7	14
277	78
48
26	58	69	45	93	
1	3	4	6	7	
5228	6	12
272	137
49
49	49	46	96	37	
1	3	5	7	8	
5363	5	10
15	249
50
23	35	95	96	73	
2	3	4	6	7	
5385	7	14
44	79
51
79	64	10	76	29	
1	3	4	5	7	
5419	10	20
119	140
52
38	37	52	28	99	
1	2	4	5	7	
5477	10	20
282	245
53
94	21	92	83	39	
2	3	5	6	8	
5736	6	12
78	106
54
59	10	35	28	91	
2	4	5	7	8	
5740	8	16
174	256
55
92	54	71	3	8	
1	2	3	4	5	
5858	6	12
50	224
56
83	69	28	92	15	
1	3	4	5	6	
5874	9	18
74	162
57
2	61	42	49	49	
1	2	4	5	7	
6142	6	12
213	52
58
23	91	71	31	67	
1	2	4	6	7	
6176	5	10
31	220
59
78	67	54	80	24	
1	3	4	6	8	
6260	8	16
19	110
60
43	30	32	8	37	
2	4	5	7	9	
6283	9	18
127	200
61
46	34	74	46	50	
2	3	4	6	7	
6300	6	12
256	230
62
58	56	53	31	85	
1	3	5	7	9	
6311	10	20
110	219
63
100	28	81	64	93	
1	3	4	5	7	
6321	5	10
46	125
64
74	77	60	98	76	
2	4	5	6	7	
6349	5	10
233	151
65
81	100	52	30	89	
1	3	5	6	7	
6393	8	16
54	4
66
56	24	53	3	1	
2	3	5	7	8	
6588	8	16
66	106
67
10	84	90	58	10	
2	4	6	8	9	
6638	7	14
16	113
68
41	52	10	28	99	
2	3	5	6	8	
6648	10	20
194	107
69
37	12	29	90	21	
1	2	4	5	7	
6672	5	10
258	236
70
37	76	31	92	46	
1	2	4	6	7	
6688	9	18
24	149
71
84	36	9	19	36	
1	3	5	6	7	
6859	7	14
24	156
72
35	86	30	53	51	
2	4	6	7	9	
6982	6	12
267	163
73
61	57	28	40	3	
2	3	5	7	9	
7094	10	20
155	131
74
74	77	5	54	60	
2	3	5	6	7	
7145	7	14
247	218
75
12	98	99	27	35	
2	3	4	5	7	
7260	5	10
41	43
76
54	65	67	92	98	
2	3	5	7	9	
7386	9	18
163	265
77
70	77	21	25	44	
1	2	4	6	7	
7678	7	14
295	12
78
92	96	70	34	68	
1	2	4	5	6	
7784	8	16
197	49
79
22	77	17	35	21	
2	4	6	7	8	
7846	6	12
7	286
202	205
60	181