80	5	4000	17
0
61	74	59	6	62	
1	3	4	6	8	
6	10	20
165	36
1
53	57	74	30	48	
1	2	4	5	7	
89	10	20
83	224
2
71	8	39	57	76	
2	3	4	6	7	
149	10	20
213	196
3
16	14	99	28	99	
2	4	5	6	8	
171	5	10
292	219
4
20	11	23	74	67	
2	4	5	6	8	
268	10	20
14	155
5
65	45	59	45	15	
2	4	6	7	9	
282	7	14
130	150
6
60	11	30	21	24	
1	2	4	5	7	
364	5	10
174	56
7
15	47	75	96	31	
1	3	5	6	7	
428	5	10
118	196
8
64	66	89	31	66	
1	3	5	6	8	
449	10	20
187	97
9
9	68	19	28	92	
2	4	5	6	7	
498	7	14
217	162
10
3	13	11	93	43	
2	3	5	6	8	
673	10	20
116	19
11
86	1	76	2	98	
2	3	4	5	7	
675	9	18
236	53
12
55	18	75	63	38	
2	4	6	7	9	
786	5	10
15	32
13
10	16	62	19	23	
2	3	5	6	7	
835	10	20
262	198
14
71	44	15	4	90	
1	2	3	4	6	
854	7	14
10	13
15
50	13	89	94	90	
1	2	3	4	5	
894	8	16
218	32
16
59	47	28	84	47	
2	3	4	6	8	
1041	10	20
105	89
17
10	52	61	66	8	
2	4	5	7	9	
1138	8	16
103	118
18
100	7	19	23	14	
1	3	5	7	8	
1226	8	16
270	236
19
68	53	86	6	71	
2	3	4	5	6	
1277	10	20
294	254
20
99	12	76	44	97	
2	3	4	6	7	
1285	7	14
219	251
21
85	76	63	58	96	
2	3	5	7	9	
1365	7	14
53	53
22
89	95	36	65	62	
2	4	5	6	8	
1378	5	10
209	279
23
51	51	2	9	99	
1	3	4	6	7	
1547	6	12
68	201
24
99	41	24	58	13	
1	3	4	5	7	
1593	8	16
208	177
25
71	42	74	45	93	
2	4	6	8	9	
1604	8	16
206	119
26
52	74	44	4	95	
1	3	5	7	8	
1728	6	12
9	127
27
73	67	39	53	27	
2	4	5	6	7	
1944	5	10
52	105
28
9	74	45	27	9	
1	3	5	7	8	
2080	8	16
97	96
29
39	2	93	32	1	
2	3	4	6	8	
2113	6	12
190	234
30
5	77	35	49	59	
1	2	3	5	6	
2189	6	12
167	293
31
73	22	71	13	22	
2	3	4	5	7	
2294	6	12
90	235
32
33	18	31	54	52	
1	3	5	6	8	
2315	6	12
33	17
33
79	23	32	59	5	
2	3	5	6	7	
2447	9	18
282	169
34
50	27	50	91	41	
1	3	4	6	7	
2471	9	18
216	163
35
32	59	91	75	69	
1	2	3	5	6	
2643	8	16
12	123
36
100	91	50	63	50	
1	2	3	5	6	
2716	9	18
240	171
37
93	68	100	20	62	
2	3	4	6	7	
2824	10	20
82	48
38
17	48	80	20	51	
2	3	5	7	8	
2921	5	10
137	43
39
91	78	79	14	88	
2	3	5	6	8	
3154	7	14
164	257
40
90	27	29	3	87	
1	3	4	6	7	
3252	7	14
106	194
41
34	38	34	17	45	
2	4	6	7	8	
3350	7	14
6	124
42
43	24	42	16	76	
2	3	5	7	9	
3425	8	16
208	152
43
27	58	53	91	51	
2	4	5	7	9	
3671	7	14
278	89
44
5	8	7	55	69	
2	3	4	6	7	
3887	7	14
66	78
45
82	38	71	34	14	
2	4	5	6	8	
3958	6	12
59	13
46
72	100	26	52	50	
1	3	5	7	9	
4212	7	14
106	249
47
73	20	81	2	11	
1	3	4	6	8	
4239	10	20
145	257
48
71	89	38	4	14	
1	3	5	6	8	
4579	9	18
182	220
49
97	52	69	76	76	
1	3	5	6	7	
4626	8	16
148	17
50
36	69	87	31	97	
2	3	5	7	9	
4710	5	10
168	107
51
79	39	2	76	11	
1	3	5	7	8	
4938	8	16
36	20
52
90	88	54	57	67	
2	3	4	5	7	
5142	6	12
188	161
53
26	27	15	46	90	
1	3	4	6	7	
5191	7	14
190	284
54
13	91	41	5	35	
1	2	4	5	6	
5435	7	14
164	163
55
3	98	73	5	82	
2	3	5	7	8	
5617	6	12
163	234
56
92	36	33	60	61	
1	3	4	6	7	
5870	8	16
104	22
57
74	70	1	26	39	
1	2	4	5	6	
6006	8	16
75	55
58
41	86	22	96	42	
1	3	4	5	6	
6013	5	10
46	230
59
2	37	26	50	8	
1	2	3	4	5	
6149	6	12
65	49
60
35	44	47	45	87	
1	2	3	4	6	
6166	5	10
73	215
61
36	73	15	45	50	
1	2	3	4	6	
6264	8	16
98	297
62
49	46	40	20	2	
1	2	3	4	5	
6334	8	16
181	275
63
86	17	94	14	100	
1	2	4	5	6	
6415	6	12
63	260
64
60	32	31	94	4	
1	3	4	5	6	
6476	5	10
196	80
65
72	20	54	100	42	
1	3	4	6	7	
6585	10	20
70	267
66
82	22	17	95	50	
2	3	5	7	9	
6773	10	20
193	277
67
85	81	34	65	11	
2	4	5	6	7	
6937	10	20
211	38
68
32	39	77	90	2	
1	3	4	5	7	
7092	6	12
171	76
69
90	67	87	86	24	
1	2	4	5	7	
7125	10	20
41	85
70
88	92	51	32	71	
1	2	4	5	7	
7172	6	12
97	276
71
49	67	54	86	62	
1	3	5	7	9	
7274	7	14
121	94
72
66	42	15	15	2	
1	2	4	5	7	
7373	6	12
275	150
73
41	4	39	12	32	
2	4	6	7	9	
7418	9	18
47	159
74
67	54	2	66	6	
2	3	5	7	8	
7428	9	18
107	235
75
47	51	82	34	15	
2	4	5	6	8	
7464	9	18
125	178
76
76	81	38	91	98	
2	3	5	7	8	
7483	6	12
88	13
77
56	69	20	5	2	
2	4	6	8	9	
7743	5	10
244	16
78
46	68	55	94	53	
1	2	3	5	6	
7746	6	12
240	241
79
77	19	4	100	33	
1	3	4	5	7	
7750	6	12
187	1
88	227
190	23