80	5	4000	9
0
4	12	73	79	15	
1	2	4	5	6	
52	5	10
144	38
1
88	51	24	3	80	
1	2	3	4	5	
92	5	10
11	259
2
30	64	68	70	51	
2	4	6	7	9	
250	6	12
244	0
3
49	77	69	100	69	
1	3	5	7	9	
314	6	12
33	207
4
74	95	85	40	3	
2	3	4	5	6	
340	8	16
300	175
5
4	77	41	47	97	
2	3	5	7	8	
363	9	18
151	278
6
88	24	74	34	34	
1	3	4	6	8	
652	8	16
122	137
7
41	16	25	73	47	
1	2	3	5	7	
718	8	16
95	67
8
95	43	79	74	30	
2	4	6	7	9	
751	10	20
300	260
9
20	75	44	95	89	
2	3	4	6	8	
799	10	20
65	13
10
25	86	14	2	24	
2	3	5	6	7	
1123	9	18
103	80
11
67	75	94	54	57	
1	2	4	6	7	
1228	10	20
40	38
12
52	33	98	3	11	
1	3	5	7	8	
1249	7	14
18	142
13
59	62	63	64	60	
1	2	3	5	6	
1263	7	14
15	278
14
65	37	80	55	3	
2	3	5	7	9	
1320	10	20
32	233
15
39	35	60	32	1	
2	3	5	6	8	
1387	8	16
123	247
16
10	2	53	12	58	
1	3	5	7	9	
1396	6	12
174	144
17
46	79	84	74	100	
1	2	4	5	6	
1399	7	14
255	234
18
29	95	50	74	90	
2	4	5	7	8	
1538	10	20
69	239
19
75	56	53	88	64	
1	3	4	6	7	
1639	5	10
88	200
20
10	92	78	68	4	
1	3	4	5	7	
1677	10	20
152	48
21
30	8	100	63	16	
2	3	5	6	8	
1924	10	20
48	128
22
70	19	74	8	46	
2	4	6	7	8	
2120	10	20
179	32
23
90	46	78	42	62	
1	2	3	5	7	
2130	10	20
26	151
24
9	2	84	74	22	
2	3	5	6	8	
2281	8	16
235	294
25
84	1	81	25	29	
2	4	6	8	10	
2292	6	12
267	117
26
95	43	38	76	22	
2	4	6	8	10	
2337	8	16
228	69
27
98	41	18	59	37	
1	3	5	7	9	
2355	7	14
286	210
28
48	57	35	41	60	
1	2	3	4	6	
2561	10	20
195	185
29
41	87	78	13	36	
1	3	5	6	7	
2780	8	16
26	62
30
4	50	52	29	28	
1	3	4	6	7	
2799	7	14
272	242
31
65	46	10	90	65	
1	2	4	5	6	
2874	7	14
296	186
32
79	76	15	46	56	
2	4	5	7	8	
2981	5	10
277	17
33
38	42	39	5	76	
2	4	5	7	8	
3044	8	16
272	75
34
75	89	7	27	73	
2	3	4	6	7	
3080	10	20
251	101
35
80	79	16	34	22	
2	3	4	6	8	
3117	7	14
237	59
36
86	88	68	90	23	
2	4	5	6	7	
3149	5	10
60	125
37
6	87	13	30	50	
1	2	4	6	7	
3192	8	16
241	77
38
73	37	65	70	89	
1	3	4	5	6	
3330	10	20
24	283
39
47	34	100	4	9	
2	4	6	7	8	
3414	6	12
210	53
40
83	30	77	55	95	
1	2	4	6	8	
3517	6	12
142	193
41
75	14	44	83	77	
1	3	5	6	8	
3600	7	14
62	37
42
12	15	58	33	84	
1	2	3	4	5	
3857	5	10
157	255
43
34	61	29	59	28	
1	2	3	4	5	
4022	7	14
6	64
44
8	56	28	74	86	
1	3	4	5	6	
4072	6	12
125	140
45
34	74	26	5	46	
2	4	6	7	9	
4177	7	14
15	198
46
83	27	99	25	77	
1	3	4	6	7	
4445	9	18
92	146
47
75	55	88	35	60	
2	4	5	6	7	
4588	6	12
174	34
48
27	72	98	22	37	
1	3	5	6	7	
4607	6	12
107	184
49
32	87	59	93	70	
1	3	4	6	8	
4618	9	18
80	37
50
93	20	23	54	82	
1	3	5	6	8	
4642	10	20
132	127
51
32	60	87	95	91	
1	2	3	5	6	
4681	10	20
256	187
52
37	9	90	73	30	
1	2	4	5	6	
4681	8	16
106	248
53
64	12	96	73	88	
1	2	4	5	6	
4699	10	20
17	80
54
7	85	39	65	73	
1	3	4	6	8	
4935	7	14
19	191
55
62	71	84	30	11	
1	3	4	5	7	
5099	9	18
180	271
56
40	28	50	40	57	
2	4	5	7	9	
5804	8	16
122	105
57
70	61	47	58	89	
2	3	5	7	8	
5819	10	20
209	142
58
84	81	90	10	52	
2	4	5	6	8	
5858	7	14
50	286
59
5	57	33	87	93	
2	4	5	6	8	
5943	7	14
39	223
60
82	9	23	49	90	
1	2	4	6	7	
6013	5	10
51	64
61
12	74	4	44	77	
2	3	4	5	7	
6091	8	16
37	201
62
14	67	57	94	70	
2	3	5	6	7	
6151	9	18
64	73
63
20	20	1	20	44	
2	3	4	6	7	
6182	5	10
270	36
64
89	68	89	84	75	
1	2	4	6	8	
6252	8	16
170	138
65
37	48	20	92	14	
1	3	4	5	6	
6540	9	18
191	22
66
7	18	27	73	96	
1	2	4	6	8	
6578	9	18
148	200
67
65	4	14	81	78	
2	4	5	7	8	
6604	8	16
235	253
68
48	83	19	67	57	
2	3	4	5	7	
6671	7	14
209	150
69
90	95	3	51	12	
2	4	6	7	8	
6706	5	10
269	75
70
34	87	24	48	21	
2	4	5	6	7	
6806	8	16
8	223
71
7	64	30	66	94	
1	2	4	6	8	
6814	8	16
235	56
72
41	93	75	73	42	
1	3	5	6	7	
7151	5	10
202	240
73
83	14	93	62	39	
1	2	3	5	7	
7262	8	16
214	259
74
24	67	42	89	47	
2	4	5	7	8	
7441	10	20
254	216
75
37	57	25	80	58	
1	3	5	6	8	
7547	6	12
24	285
76
47	71	88	93	39	
1	3	4	5	7	
7753	5	10
133	88
77
8	72	24	24	95	
2	4	6	7	8	
7785	6	12
192	99
78
81	61	83	57	39	
2	3	5	6	7	
7804	5	10
170	38
79
64	14	91	23	56	
2	4	6	8	10	
7864	6	12
200	167
21	167
218	84