80	5	4000	18
0
24	97	88	3	59	
1	2	4	5	6	
47	7	14
228	248
1
38	26	4	59	13	
2	3	4	5	6	
78	5	10
175	71
2
84	96	25	69	58	
1	3	4	5	7	
201	9	18
200	110
3
45	92	94	56	27	
1	3	4	6	8	
249	9	18
53	153
4
97	72	49	42	65	
1	3	4	6	7	
420	10	20
286	130
5
58	33	68	34	28	
2	4	6	7	8	
432	10	20
77	209
6
53	23	27	99	88	
1	3	5	6	8	
513	6	12
114	52
7
34	11	15	90	88	
1	2	3	5	7	
678	9	18
104	81
8
14	24	2	63	26	
2	4	5	6	8	
821	10	20
171	116
9
13	66	8	20	57	
1	2	3	5	7	
1102	6	12
239	202
10
10	44	55	77	20	
2	4	5	7	9	
1150	7	14
22	144
11
42	55	33	42	73	
1	3	5	6	8	
1274	5	10
61	194
12
85	59	53	86	67	
2	3	4	5	7	
1431	10	20
117	80
13
74	90	56	60	22	
1	2	3	4	5	
1838	5	10
99	177
14
13	72	18	75	31	
1	3	4	5	6	
1863	8	16
5	27
15
46	17	53	2	24	
1	2	3	5	6	
1880	7	14
282	29
16
84	82	78	88	10	
1	3	5	6	8	
1885	8	16
60	78
17
57	32	61	34	30	
2	4	6	8	10	
1888	6	12
180	39
18
74	44	62	23	87	
1	2	4	6	7	
1889	8	16
265	119
19
42	64	33	33	51	
1	2	3	4	5	
2004	9	18
86	68
20
47	30	95	8	41	
2	4	5	6	8	
2158	9	18
0	109
21
32	23	18	86	35	
2	4	6	7	9	
2496	5	10
136	79
22
64	27	12	32	94	
1	2	4	6	7	
2523	7	14
105	3
23
58	22	15	45	55	
1	3	4	5	6	
2532	10	20
230	217
24
87	28	86	43	81	
1	2	3	4	5	
2702	7	14
258	252
25
47	23	8	8	35	
1	3	5	7	8	
3151	10	20
77	53
26
89	66	61	82	99	
1	3	5	7	9	
3186	8	16
155	276
27
60	27	21	13	21	
2	3	5	7	8	
3231	6	12
261	52
28
17	87	88	21	86	
1	2	3	4	5	
3359	5	10
133	17
29
62	97	40	48	72	
2	4	6	8	9	
3480	6	12
38	109
30
39	81	92	81	1	
1	2	4	5	7	
3702	9	18
300	33
31
79	70	28	88	11	
2	3	5	7	8	
3852	9	18
135	136
32
51	99	82	10	99	
1	2	4	6	8	
4056	10	20
4	137
33
55	41	98	67	99	
2	4	6	8	9	
4080	7	14
243	106
34
51	91	25	8	98	
2	3	4	5	6	
4284	8	16
159	163
35
50	90	93	48	99	
2	3	5	6	7	
4334	5	10
102	239
36
56	51	59	55	98	
2	3	5	7	9	
4427	9	18
182	18
37
32	21	27	48	42	
2	4	5	7	9	
4526	8	16
96	63
38
98	16	88	14	16	
2	3	5	7	8	
4587	5	10
87	276
39
48	45	13	87	36	
1	3	5	6	7	
4599	5	10
65	51
40
38	16	49	56	5	
2	4	5	7	9	
4743	5	10
225	55
41
23	61	25	2	11	
1	2	4	6	7	
4823	8	16
94	68
42
73	54	83	79	49	
2	3	5	7	9	
4860	5	10
154	196
43
61	59	33	17	85	
2	4	5	6	8	
4984	8	16
70	150
44
90	48	28	80	46	
1	2	4	6	8	
5021	7	14
141	70
45
22	90	81	57	13	
1	2	4	6	7	
5086	10	20
15	30
46
65	94	80	51	85	
2	3	4	6	7	
5127	6	12
30	182
47
9	64	91	54	15	
1	3	5	7	9	
5169	6	12
135	53
48
43	26	95	4	91	
1	2	3	4	6	
5287	5	10
217	244
49
20	49	66	31	27	
2	3	5	7	8	
5411	10	20
149	290
50
43	66	30	65	89	
2	3	4	5	7	
5545	9	18
83	240
51
84	37	69	88	100	
1	2	3	4	6	
5732	10	20
244	134
52
82	97	43	13	55	
1	3	4	5	6	
5849	6	12
160	262
53
47	81	77	70	66	
2	3	5	7	9	
5909	5	10
235	168
54
94	93	100	71	95	
2	3	4	6	8	
6141	7	14
198	147
55
36	54	74	99	93	
2	3	5	6	8	
6351	5	10
261	267
56
23	29	36	78	36	
2	3	4	5	7	
6370	6	12
188	197
57
79	77	44	20	15	
1	3	5	7	9	
6423	5	10
85	20
58
18	21	12	55	43	
1	2	4	5	6	
6444	9	18
216	125
59
91	85	55	17	70	
2	3	5	7	9	
6482	9	18
241	183
60
96	62	75	74	94	
1	2	3	4	5	
6649	6	12
224	110
61
12	77	72	42	94	
1	3	5	6	7	
6852	10	20
56	90
62
81	63	92	52	17	
2	3	5	7	8	
6932	8	16
110	200
63
40	15	48	52	47	
1	3	5	6	7	
7025	5	10
228	2
64
16	4	60	34	42	
1	3	5	7	8	
7102	8	16
220	280
65
61	58	31	95	84	
2	3	4	5	7	
7207	5	10
93	220
66
69	32	100	4	73	
2	4	6	7	8	
7297	7	14
79	150
67
59	92	99	20	82	
2	3	4	5	6	
7338	8	16
291	166
68
1	84	3	78	31	
1	2	4	5	7	
7400	5	10
5	275
69
66	99	35	80	49	
1	3	4	6	8	
7400	7	14
199	170
70
33	59	45	75	53	
2	4	6	7	8	
7411	7	14
258	231
71
26	75	2	21	40	
2	3	4	5	7	
7483	5	10
147	183
72
21	37	11	40	13	
2	3	5	6	7	
7706	7	14
17	254
73
13	7	67	81	85	
2	4	5	6	7	
7793	8	16
30	94
74
56	95	56	58	18	
2	3	4	6	8	
7793	8	16
58	257
75
71	29	72	64	3	
1	2	3	4	5	
7814	10	20
26	266
76
14	57	85	63	6	
1	2	4	6	8	
7815	7	14
15	172
77
96	37	68	76	35	
1	2	3	5	7	
7818	8	16
156	218
78
20	60	53	85	13	
2	4	6	8	9	
7914	10	20
208	181
79
66	21	6	94	7	
2	4	5	7	8	
7997	7	14
280	6
37	174
296	81