80	5	4000	14
0
10	85	20	21	9	
2	4	6	7	9	
8	10	20
282	177
1
73	97	11	61	43	
1	2	4	5	7	
28	5	10
70	219
2
62	33	88	28	48	
1	3	5	6	7	
184	9	18
5	289
3
19	13	6	23	21	
2	4	6	7	8	
185	8	16
39	187
4
45	18	96	41	34	
2	4	5	7	9	
271	5	10
33	99
5
50	35	42	63	22	
1	3	5	7	9	
442	7	14
242	186
6
97	19	66	47	76	
1	2	3	5	6	
621	10	20
94	63
7
11	41	26	18	41	
2	4	5	7	8	
646	5	10
130	76
8
92	47	53	14	56	
1	2	3	4	5	
676	6	12
25	162
9
95	96	47	95	37	
2	4	5	7	8	
687	8	16
274	172
10
16	39	56	74	81	
2	4	6	8	9	
851	8	16
216	24
11
26	2	76	1	44	
2	4	5	6	7	
909	5	10
212	73
12
1	89	79	60	67	
2	3	5	6	8	
1002	7	14
115	36
13
11	100	63	29	93	
1	3	4	5	6	
1035	9	18
232	215
14
6	5	55	85	73	
2	3	4	6	7	
1063	7	14
54	223
15
99	76	58	73	58	
2	4	6	8	9	
1102	6	12
136	73
16
37	61	35	16	54	
1	2	4	5	7	
1115	5	10
48	265
17
30	29	87	60	11	
1	2	3	5	7	
1213	10	20
142	89
18
88	85	98	24	89	
2	3	4	5	7	
1259	9	18
127	54
19
63	63	3	11	13	
1	2	3	5	6	
1282	10	20
284	230
20
24	20	98	62	97	
2	4	5	7	9	
1388	8	16
187	53
21
45	98	34	65	22	
1	2	4	5	6	
1397	5	10
197	59
22
71	49	85	97	68	
2	3	5	7	9	
1506	10	20
174	119
23
87	64	33	97	72	
1	2	4	5	6	
1705	7	14
70	203
24
72	88	74	46	22	
2	3	5	7	9	
1742	6	12
220	263
25
84	6	82	45	17	
1	3	4	5	7	
1782	6	12
254	279
26
80	33	40	43	66	
1	2	4	5	7	
1923	9	18
123	254
27
71	88	95	72	90	
2	4	5	6	8	
2028	6	12
296	261
28
98	32	11	60	94	
2	4	6	7	9	
2229	9	18
187	71
29
22	37	86	51	65	
1	2	3	4	6	
2411	6	12
221	108
30
45	99	62	58	60	
1	2	3	5	6	
2438	8	16
182	39
31
71	35	8	9	15	
2	3	4	5	6	
2612	5	10
4	213
32
15	75	75	81	40	
2	3	4	6	8	
2663	7	14
258	181
33
35	93	35	30	91	
2	4	6	7	8	
2701	6	12
38	214
34
18	99	44	84	71	
1	3	5	6	8	
2708	5	10
242	108
35
45	12	65	20	42	
2	4	6	8	9	
2715	6	12
189	173
36
25	72	28	82	61	
1	2	4	5	6	
2861	7	14
39	83
37
83	21	3	12	59	
1	3	4	5	6	
3224	7	14
98	203
38
83	7	25	75	42	
2	3	4	5	6	
3236	7	14
60	106
39
57	64	62	97	83	
2	4	5	6	8	
3454	6	12
14	107
40
9	56	42	89	80	
2	3	5	7	9	
3555	5	10
152	137
41
80	59	39	77	12	
2	3	4	5	6	
3806	9	18
190	30
42
16	47	45	78	75	
1	3	5	7	9	
3878	9	18
257	222
43
78	18	20	64	58	
2	3	4	5	7	
3899	5	10
212	124
44
24	60	64	92	54	
2	3	5	6	8	
3987	9	18
167	52
45
14	77	78	76	54	
2	3	5	6	8	
4006	6	12
249	172
46
38	88	84	10	80	
2	4	6	7	8	
4035	5	10
61	224
47
6	98	88	50	3	
2	4	6	7	9	
4038	6	12
292	297
48
97	73	9	52	27	
1	3	5	7	8	
4303	10	20
282	227
49
47	11	49	76	76	
2	4	5	7	8	
4309	7	14
69	218
50
52	56	4	25	61	
2	3	5	7	8	
4329	6	12
142	8
51
68	85	75	16	20	
1	2	3	5	6	
4396	7	14
267	65
52
33	24	31	100	22	
2	4	6	7	8	
4508	5	10
96	224
53
21	85	44	90	54	
1	3	4	5	6	
4592	9	18
185	131
54
66	10	80	60	44	
1	3	4	5	6	
4732	10	20
298	101
55
29	13	84	18	15	
1	2	3	4	5	
5052	8	16
222	233
56
19	24	22	80	49	
1	2	3	5	7	
5137	5	10
0	21
57
7	41	88	16	9	
2	3	4	5	7	
5140	5	10
104	115
58
75	84	60	34	42	
2	3	5	6	8	
5236	7	14
244	239
59
54	99	37	2	37	
2	3	4	6	7	
5381	5	10
7	38
60
27	50	100	100	35	
1	2	3	4	6	
5533	8	16
135	23
61
17	90	36	23	85	
1	2	3	5	6	
5624	6	12
192	289
62
5	75	14	82	2	
2	3	4	6	8	
5639	6	12
211	213
63
83	7	67	28	2	
1	2	4	5	7	
5746	5	10
72	66
64
51	38	65	63	28	
2	3	4	5	7	
6062	10	20
44	206
65
97	69	44	53	4	
1	2	3	5	6	
6097	8	16
162	142
66
54	6	14	83	59	
2	3	4	5	6	
6219	5	10
45	43
67
18	51	94	99	51	
1	3	4	6	8	
6262	6	12
98	145
68
78	50	53	36	33	
1	3	5	7	9	
6326	8	16
62	210
69
84	16	7	97	67	
2	3	5	7	8	
6660	6	12
22	147
70
83	77	68	47	4	
2	3	4	6	7	
6712	7	14
96	27
71
3	17	96	16	23	
2	3	5	7	9	
6915	8	16
10	138
72
31	56	10	43	70	
2	4	5	7	8	
7033	9	18
265	219
73
26	95	86	63	3	
1	3	5	6	8	
7051	8	16
184	142
74
58	30	73	61	77	
1	2	4	5	6	
7331	7	14
204	298
75
42	94	17	96	27	
1	2	4	6	7	
7347	5	10
110	98
76
9	99	55	14	18	
2	4	5	7	9	
7636	10	20
211	199
77
39	55	62	57	49	
1	2	4	5	7	
7925	7	14
269	42
78
20	21	8	13	76	
1	2	4	5	6	
7965	10	20
168	227
79
43	83	18	99	66	
2	4	5	7	9	
7989	9	18
221	125
259	174
243	291