80	5	4000	1
0
75	62	36	78	81	
2	3	5	6	8	
2	6	12
212	189
1
84	23	30	63	42	
2	4	6	8	9	
97	10	20
87	14
2
82	9	74	97	31	
1	3	5	6	8	
102	8	16
149	181
3
100	43	86	31	42	
1	2	3	4	5	
375	7	14
46	185
4
6	35	75	58	46	
2	3	4	5	6	
688	7	14
190	118
5
44	58	84	35	90	
2	4	6	7	9	
692	8	16
150	297
6
77	77	67	41	72	
2	4	5	6	7	
735	7	14
94	200
7
54	87	14	86	47	
2	4	6	7	9	
837	7	14
133	150
8
15	70	91	1	38	
1	2	4	5	6	
1033	10	20
222	143
9
79	10	83	25	65	
1	3	5	7	8	
1055	7	14
195	52
10
16	17	60	82	47	
1	3	4	5	6	
1336	5	10
153	110
11
69	84	72	73	55	
2	3	5	7	9	
1719	5	10
14	296
12
92	32	49	67	65	
1	3	5	6	7	
1881	10	20
282	297
13
55	97	87	46	91	
1	3	4	6	7	
1940	8	16
222	136
14
38	69	51	34	20	
2	4	6	8	10	
2126	6	12
253	115
15
39	69	76	95	92	
1	2	4	6	7	
2160	10	20
149	186
16
15	37	71	57	70	
1	2	4	5	6	
2201	10	20
32	193
17
95	86	94	62	18	
1	2	4	5	6	
2327	9	18
52	259
18
34	83	89	6	82	
2	4	6	7	9	
2511	6	12
69	25
19
7	81	7	40	46	
2	3	5	7	9	
2599	7	14
283	69
20
63	7	36	3	1	
1	2	3	4	6	
2602	9	18
260	233
21
84	11	16	77	79	
1	2	3	4	5	
2741	10	20
208	274
22
45	95	11	21	30	
2	4	5	6	7	
2791	5	10
96	236
23
54	11	24	88	48	
2	3	4	5	7	
2974	5	10
117	51
24
80	48	84	47	49	
2	3	5	6	7	
3034	5	10
117	155
25
77	87	74	90	68	
2	3	5	6	7	
3063	9	18
293	13
26
34	12	47	81	55	
2	4	5	7	8	
3201	9	18
163	6
27
83	52	97	3	15	
1	3	4	6	8	
3283	9	18
268	72
28
9	81	74	59	37	
1	3	4	5	7	
3434	9	18
114	135
29
34	20	15	17	24	
2	3	5	6	8	
3549	6	12
284	114
30
43	12	81	22	23	
1	2	4	6	7	
3681	10	20
140	105
31
61	23	71	13	42	
1	2	3	4	6	
3706	9	18
289	65
32
34	60	85	54	69	
1	3	4	6	8	
3928	7	14
48	171
33
73	61	30	16	83	
2	4	5	7	9	
3939	7	14
63	27
34
10	67	68	44	16	
1	3	4	6	8	
3975	10	20
92	180
35
88	99	92	31	49	
1	2	3	4	6	
4058	9	18
5	241
36
37	32	24	30	94	
2	4	6	7	9	
4064	7	14
130	63
37
93	54	55	23	24	
2	4	6	8	10	
4097	8	16
176	183
38
90	72	77	21	21	
2	4	6	8	10	
4107	10	20
247	35
39
5	45	82	2	100	
2	4	5	6	8	
4122	7	14
264	288
40
60	35	34	76	14	
2	3	4	5	7	
4229	10	20
179	66
41
18	7	20	31	77	
2	4	6	7	8	
4338	10	20
291	149
42
36	32	14	87	98	
1	3	5	6	8	
4354	5	10
207	192
43
23	19	6	63	98	
1	2	3	4	5	
4394	8	16
33	235
44
44	12	4	45	53	
1	3	5	6	7	
4394	8	16
102	65
45
68	67	20	58	57	
2	4	6	7	8	
4395	7	14
22	51
46
52	86	72	60	27	
2	4	5	7	9	
4509	5	10
198	291
47
79	70	7	75	90	
1	3	5	6	7	
4584	8	16
270	122
48
27	37	94	24	20	
1	3	5	6	8	
4618	9	18
13	48
49
69	85	41	75	48	
1	3	4	6	7	
4666	8	16
74	107
50
20	79	81	21	14	
2	4	5	6	7	
4887	6	12
264	130
51
21	37	10	75	6	
2	4	5	7	8	
4926	8	16
138	274
52
56	73	51	38	28	
2	3	5	7	9	
4977	5	10
286	244
53
2	24	98	70	40	
1	3	5	7	9	
5047	8	16
45	231
54
27	24	68	12	5	
1	2	4	6	7	
5186	10	20
198	55
55
32	90	34	70	26	
1	2	4	6	7	
5263	5	10
67	116
56
55	68	84	22	28	
1	3	5	7	8	
5273	8	16
228	237
57
91	80	52	50	76	
1	3	4	6	7	
5403	9	18
182	35
58
46	59	37	100	92	
1	2	3	5	7	
5417	7	14
46	128
59
10	86	75	81	68	
2	3	5	7	8	
5594	9	18
143	2
60
32	68	24	38	94	
2	4	6	8	10	
5618	9	18
179	101
61
5	61	35	44	21	
1	3	5	7	8	
5721	6	12
99	205
62
96	54	57	28	98	
1	2	3	4	6	
5844	6	12
176	68
63
13	54	26	9	21	
2	3	5	7	9	
5847	6	12
288	151
64
70	3	46	70	23	
1	3	5	6	8	
5901	6	12
98	176
65
100	71	80	61	29	
2	3	5	6	8	
5910	9	18
233	15
66
64	99	89	50	87	
2	3	4	6	8	
5994	10	20
221	292
67
64	64	21	34	54	
2	4	5	6	7	
6029	9	18
209	229
68
99	77	40	76	9	
2	4	5	7	9	
6217	10	20
203	261
69
63	21	41	100	51	
1	2	3	5	6	
6284	7	14
35	270
70
82	53	59	85	46	
2	4	6	7	9	
6296	8	16
91	12
71
56	44	54	54	91	
2	4	5	7	9	
6884	5	10
212	155
72
70	27	97	97	81	
1	2	3	4	5	
7048	7	14
146	210
73
4	51	76	89	1	
2	3	5	7	8	
7133	7	14
174	116
74
10	65	54	64	30	
1	3	5	6	8	
7193	10	20
116	155
75
79	70	52	64	44	
1	3	5	7	9	
7259	9	18
134	138
76
23	15	92	41	100	
2	4	5	7	9	
7270	6	12
253	98
77
77	71	89	62	26	
2	3	4	6	7	
7290	6	12
60	1
78
62	55	100	69	65	
2	4	5	7	8	
7545	9	18
214	182
79
94	46	70	85	69	
1	3	5	7	8	
7668	7	14
200	143
109	141
158	201