90	5	4000	2
0
44	89	59	38	63	
2	4	6	8	9	
249	6	12
251	91
1
95	9	98	49	89	
2	3	4	5	7	
478	7	14
105	100
2
84	36	70	24	9	
1	3	5	6	7	
706	9	18
263	109
3
34	49	1	53	52	
2	4	5	6	7	
929	7	14
125	146
4
45	21	24	33	3	
1	3	5	6	8	
1036	9	18
81	9
5
29	58	30	70	44	
2	3	5	6	7	
1120	9	18
105	41
6
23	61	79	3	46	
1	2	4	5	6	
1222	6	12
256	72
7
91	26	73	70	21	
2	4	5	7	9	
1417	10	20
299	268
8
100	24	45	20	90	
2	3	5	7	9	
1420	9	18
282	12
9
52	1	49	16	62	
1	3	5	6	7	
1662	6	12
153	249
10
40	77	64	9	77	
2	3	4	6	8	
1722	6	12
258	106
11
14	4	58	32	38	
2	4	6	8	9	
1752	9	18
6	41
12
91	66	8	73	11	
1	2	3	5	6	
1877	6	12
143	245
13
75	30	41	3	89	
1	2	3	5	6	
1890	9	18
262	60
14
92	16	58	92	29	
2	3	5	6	7	
1922	6	12
27	112
15
19	29	20	38	53	
1	2	3	5	6	
1955	6	12
144	48
16
100	31	56	32	92	
1	2	3	4	5	
2027	6	12
207	95
17
1	22	51	5	68	
2	4	6	7	9	
2086	8	16
248	253
18
34	95	35	18	70	
1	3	4	5	6	
2144	10	20
167	131
19
20	72	40	91	51	
2	3	5	7	8	
2195	10	20
68	34
20
52	8	97	54	16	
2	3	5	6	8	
2432	6	12
250	35
21
2	54	55	27	44	
2	3	5	7	8	
2539	7	14
224	44
22
93	41	22	27	34	
1	3	5	7	8	
2606	6	12
162	247
23
78	20	74	19	16	
2	4	6	7	8	
2728	6	12
269	250
24
56	92	71	72	42	
1	3	5	7	8	
2792	6	12
127	83
25
55	94	12	75	25	
2	4	6	7	8	
2811	10	20
20	134
26
21	83	46	37	31	
2	3	4	6	8	
3048	7	14
249	271
27
8	54	93	54	13	
1	3	5	7	9	
3201	7	14
269	210
28
77	100	86	53	68	
2	4	5	7	8	
3215	5	10
133	207
29
8	28	7	89	16	
1	2	4	6	8	
3227	5	10
229	245
30
3	68	53	66	1	
1	3	4	6	8	
3316	7	14
276	173
31
87	46	48	77	44	
2	3	4	6	7	
3371	6	12
84	228
32
77	100	42	24	30	
2	3	5	6	8	
3610	5	10
83	136
33
12	70	8	34	21	
2	4	6	8	9	
3651	10	20
225	132
34
67	46	73	96	59	
1	3	5	6	7	
3785	10	20
0	204
35
63	90	37	80	90	
2	3	4	5	6	
3902	5	10
131	299
36
87	100	45	20	100	
2	3	5	7	8	
3903	5	10
140	172
37
24	21	76	29	83	
1	2	4	5	6	
4172	10	20
176	232
38
18	6	22	86	66	
1	2	3	4	6	
4282	7	14
9	206
39
19	5	63	71	36	
1	3	4	6	8	
4479	5	10
89	201
40
99	77	89	22	91	
1	3	4	6	8	
4597	8	16
6	116
41
62	17	89	69	37	
2	4	5	7	8	
4766	8	16
161	272
42
19	1	50	5	81	
2	3	4	6	8	
4832	6	12
125	206
43
2	40	8	77	43	
2	3	4	6	8	
4933	9	18
163	162
44
95	18	41	29	99	
2	4	5	7	8	
5126	7	14
285	161
45
44	20	97	45	15	
2	4	5	6	7	
5126	5	10
186	285
46
13	71	90	10	22	
1	2	3	4	6	
5283	6	12
69	112
47
40	45	26	4	31	
2	3	5	7	9	
5328	8	16
284	112
48
34	81	65	79	85	
2	4	5	6	7	
5359	5	10
95	149
49
21	5	22	89	1	
1	2	3	4	6	
5550	6	12
99	170
50
89	20	76	50	27	
2	4	5	6	8	
5559	10	20
300	85
51
90	52	56	54	25	
1	2	3	5	6	
5625	10	20
66	53
52
25	6	32	99	15	
2	3	4	6	8	
5628	7	14
172	38
53
36	60	100	11	81	
1	3	5	7	9	
5689	7	14
119	108
54
76	21	62	19	29	
2	3	5	7	8	
5719	5	10
215	208
55
9	17	43	68	44	
2	4	5	7	9	
5736	6	12
99	156
56
92	50	100	62	60	
1	2	4	6	7	
5836	10	20
167	201
57
16	47	25	26	84	
1	2	4	5	6	
6143	8	16
27	170
58
51	15	61	98	60	
1	3	4	6	7	
6144	10	20
221	262
59
24	91	59	35	90	
2	3	4	6	7	
6318	6	12
83	75
60
100	20	68	96	76	
2	3	4	5	7	
6459	10	20
166	172
61
39	99	52	12	43	
2	3	4	5	7	
6636	7	14
288	284
62
22	25	23	79	59	
1	3	4	5	7	
6783	10	20
99	260
63
67	36	66	65	48	
2	4	6	7	8	
6821	6	12
123	37
64
43	8	86	53	79	
1	3	4	5	7	
6823	6	12
95	18
65
46	76	18	81	2	
1	2	4	6	8	
6928	5	10
160	155
66
72	23	40	82	71	
2	3	5	7	8	
6937	5	10
281	176
67
59	59	11	77	70	
1	2	3	5	7	
7088	10	20
187	166
68
38	78	94	48	84	
1	2	3	5	7	
7214	7	14
252	236
69
90	18	71	56	19	
1	3	4	5	6	
7248	6	12
295	125
70
62	63	7	17	99	
1	2	4	5	6	
7252	7	14
6	145
71
21	15	80	35	89	
2	3	5	7	8	
7336	7	14
242	273
72
64	52	35	95	10	
2	3	4	5	7	
7405	9	18
9	156
73
88	10	63	64	5	
1	3	5	6	8	
7421	8	16
144	90
74
52	49	82	89	87	
2	4	5	6	7	
7445	5	10
269	279
75
79	74	96	58	34	
1	3	5	7	8	
7557	8	16
273	186
76
9	77	82	29	57	
1	2	3	4	5	
7779	8	16
48	229
77
16	55	3	13	11	
2	4	5	6	8	
7790	8	16
43	32
78
92	38	88	24	1	
2	4	6	8	9	
7817	7	14
234	36
79
100	75	81	76	63	
2	4	5	6	7	
7828	10	20
168	205
80
24	22	12	46	56	
1	3	5	7	9	
8068	5	10
54	261
81
52	64	69	18	94	
1	3	5	7	9	
8347	5	10
57	1
82
30	9	31	27	1	
2	3	5	6	7	
8480	9	18
137	30
83
10	38	76	28	55	
2	3	4	6	8	
8551	6	12
30	164
84
49	37	16	47	35	
2	4	6	8	10	
8612	5	10
289	169
85
72	62	71	95	40	
1	3	4	6	7	
8748	9	18
248	94
86
59	5	42	61	66	
2	3	4	5	6	
8800	7	14
236	158
87
100	79	71	77	68	
1	3	4	6	8	
8887	10	20
89	49
88
42	96	18	46	59	
1	2	4	5	6	
8891	5	10
2	134
89
99	85	89	2	32	
2	4	5	7	9	
8950	5	10
64	193
17	261
110	165