90	5	4000	16
0
51	46	46	71	29	
2	4	5	6	8	
1	9	18
34	276
1
83	34	73	78	58	
2	3	5	7	8	
16	5	10
117	271
2
85	95	52	95	59	
1	3	4	6	7	
216	7	14
229	75
3
59	12	3	15	39	
2	4	5	6	8	
368	6	12
16	88
4
92	72	67	45	5	
1	2	4	5	7	
664	8	16
140	11
5
36	16	68	43	62	
1	2	3	4	6	
668	5	10
76	243
6
2	68	36	85	10	
1	3	5	6	8	
690	10	20
295	75
7
17	99	26	21	95	
2	4	6	8	9	
762	10	20
163	268
8
71	46	100	99	42	
2	4	5	7	8	
769	7	14
256	192
9
59	92	99	47	13	
2	3	5	7	9	
811	5	10
268	137
10
12	77	92	1	77	
2	3	4	6	8	
859	7	14
81	42
11
92	12	57	10	28	
2	4	5	6	8	
926	6	12
181	99
12
57	24	51	3	72	
1	2	4	5	7	
1173	5	10
105	102
13
65	43	18	81	76	
1	3	5	7	9	
1215	9	18
6	249
14
39	29	72	95	24	
2	3	5	7	8	
1359	10	20
175	257
15
41	61	17	74	36	
2	4	5	6	8	
1367	7	14
143	260
16
41	71	13	66	2	
1	3	5	7	8	
1460	6	12
137	53
17
32	60	60	2	9	
2	3	4	6	8	
1532	5	10
275	16
18
43	59	90	39	80	
2	4	5	6	8	
1571	10	20
271	32
19
2	71	88	57	81	
1	2	3	4	5	
1576	7	14
122	153
20
2	47	4	57	56	
2	3	5	7	8	
1705	6	12
289	106
21
3	48	75	35	66	
1	3	4	5	6	
1724	7	14
108	117
22
70	49	98	29	3	
2	3	5	7	9	
1832	6	12
98	7
23
7	4	64	71	39	
2	4	5	7	8	
1906	7	14
217	162
24
24	72	88	64	18	
2	4	6	7	9	
2051	8	16
52	135
25
71	84	26	33	81	
2	3	4	5	6	
2081	9	18
157	205
26
38	56	64	100	23	
1	2	4	6	7	
2120	10	20
163	223
27
90	22	17	81	89	
1	3	5	7	8	
2125	9	18
195	153
28
94	35	75	5	24	
1	2	4	5	7	
2202	6	12
34	101
29
83	10	92	13	69	
2	4	6	7	8	
2397	9	18
138	95
30
68	78	76	8	27	
1	3	4	6	8	
2447	10	20
21	22
31
3	6	43	69	58	
2	3	4	6	8	
2541	6	12
38	197
32
1	47	56	31	78	
2	3	4	6	7	
2552	10	20
236	43
33
13	2	36	94	41	
2	3	4	6	8	
2728	9	18
98	48
34
79	94	63	50	61	
2	3	5	6	8	
3042	7	14
179	109
35
4	64	43	69	67	
1	3	5	6	7	
3209	6	12
111	100
36
39	14	9	64	44	
1	2	4	5	7	
3634	7	14
244	259
37
6	46	68	70	5	
1	2	4	5	6	
3734	6	12
213	234
38
23	77	79	79	71	
2	3	4	5	6	
3817	10	20
210	146
39
31	85	22	59	27	
2	4	5	7	9	
3976	8	16
28	30
40
67	15	70	12	72	
2	4	5	7	9	
4067	5	10
54	141
41
8	37	18	80	94	
2	4	5	7	8	
4090	8	16
45	219
42
6	21	18	77	21	
2	3	4	6	7	
4208	6	12
21	182
43
53	48	21	17	81	
2	4	5	7	9	
4211	9	18
115	77
44
72	59	98	46	6	
2	4	6	8	10	
4221	7	14
292	117
45
80	77	46	43	44	
2	3	4	5	6	
4241	8	16
159	6
46
30	11	95	89	80	
2	4	6	8	10	
4259	9	18
71	238
47
59	4	19	2	26	
1	3	4	6	8	
4322	8	16
45	104
48
7	51	35	6	80	
2	4	6	8	10	
4432	8	16
174	101
49
75	81	45	80	28	
1	3	5	7	9	
4602	5	10
239	177
50
27	35	5	76	36	
2	3	5	7	8	
4706	10	20
159	117
51
42	86	36	73	82	
2	4	5	6	7	
4722	6	12
109	300
52
56	25	85	79	43	
2	3	4	5	7	
4778	8	16
123	258
53
79	57	2	59	83	
2	4	5	6	7	
4787	6	12
48	191
54
69	76	8	92	27	
2	4	6	8	10	
5130	6	12
300	164
55
84	40	5	8	78	
1	2	3	5	7	
5550	8	16
257	20
56
18	13	23	56	2	
1	3	5	6	7	
5566	8	16
34	289
57
66	34	51	4	45	
1	3	4	6	8	
5597	5	10
15	30
58
51	9	12	5	89	
2	3	5	7	8	
5736	7	14
254	157
59
40	9	88	100	57	
2	4	5	6	7	
5885	7	14
188	137
60
30	76	71	98	52	
2	4	5	6	8	
5997	9	18
7	252
61
67	90	70	64	88	
2	3	5	7	9	
6031	7	14
253	25
62
39	57	42	51	41	
2	4	6	8	10	
6139	7	14
285	157
63
85	71	7	17	25	
1	3	4	5	6	
6282	8	16
90	116
64
52	60	74	48	11	
1	3	4	5	7	
6352	9	18
81	57
65
47	19	45	53	53	
2	4	5	6	7	
6392	7	14
223	225
66
41	27	16	30	57	
1	3	4	6	7	
6403	6	12
48	203
67
86	12	76	80	37	
2	3	4	6	8	
6574	8	16
230	128
68
93	33	82	96	29	
1	3	4	5	6	
6578	10	20
47	16
69
17	49	24	43	5	
2	3	5	6	7	
6670	8	16
298	22
70
99	22	5	45	82	
2	3	4	6	8	
6753	7	14
36	248
71
16	48	82	18	79	
2	3	4	5	7	
6975	7	14
224	130
72
34	69	84	4	33	
2	3	5	6	7	
7005	6	12
226	281
73
62	49	75	45	8	
1	2	3	5	7	
7014	5	10
85	129
74
47	5	43	8	23	
1	3	4	5	6	
7259	5	10
286	174
75
3	28	74	96	66	
2	4	5	6	8	
7309	8	16
4	173
76
35	95	75	100	51	
2	4	5	6	7	
7313	7	14
197	298
77
50	95	80	65	62	
2	4	6	8	9	
7322	10	20
78	75
78
89	21	35	13	76	
1	3	5	6	7	
7359	6	12
198	229
79
99	69	98	48	36	
2	4	5	6	7	
7447	10	20
122	229
80
90	19	29	93	59	
2	3	5	6	7	
7587	8	16
262	82
81
12	89	89	49	52	
1	2	4	6	7	
7692	10	20
104	91
82
45	14	60	16	31	
1	3	4	5	6	
7693	5	10
253	171
83
99	50	20	70	75	
2	3	5	7	9	
7781	10	20
97	240
84
11	71	64	97	92	
2	3	5	6	7	
8243	8	16
264	222
85
38	24	65	2	9	
2	4	6	7	9	
8513	7	14
88	109
86
81	94	2	23	57	
2	4	6	7	8	
8669	8	16
129	293
87
31	59	17	22	63	
1	3	4	5	7	
8835	8	16
70	160
88
70	90	45	67	70	
2	3	4	6	8	
8940	7	14
195	22
89
47	45	16	73	44	
2	4	6	8	9	
8949	10	20
80	242
78	173
280	289