90	5	4000	3
0
42	25	7	21	98	
1	3	4	6	8	
172	5	10
280	203
1
34	64	52	59	64	
2	4	6	7	9	
194	8	16
117	21
2
79	84	82	16	43	
2	4	6	8	10	
202	8	16
233	144
3
63	81	91	30	56	
2	4	6	8	10	
213	6	12
147	140
4
13	89	53	97	31	
2	3	4	5	7	
236	5	10
199	179
5
21	57	52	22	28	
2	3	4	6	8	
242	5	10
50	154
6
13	21	63	88	92	
1	3	4	5	6	
334	10	20
5	238
7
53	97	38	37	10	
1	2	4	6	7	
561	6	12
88	46
8
54	32	87	36	6	
2	3	4	5	6	
671	8	16
254	161
9
78	22	33	41	21	
1	2	4	6	7	
870	8	16
15	101
10
1	36	20	49	29	
2	3	5	7	8	
975	10	20
218	141
11
58	62	39	77	36	
1	3	4	6	8	
982	10	20
115	237
12
5	25	22	85	24	
1	3	4	5	6	
983	8	16
63	129
13
97	56	60	24	35	
2	4	6	7	9	
1031	9	18
10	213
14
54	96	52	23	60	
1	3	4	5	7	
1148	8	16
168	224
15
51	98	90	56	34	
1	2	4	5	6	
1479	8	16
8	184
16
25	72	35	77	84	
1	3	5	6	8	
1484	9	18
164	76
17
48	32	21	4	40	
2	3	4	6	7	
1543	7	14
253	293
18
64	99	43	62	14	
2	4	6	7	9	
1600	7	14
204	242
19
95	85	57	59	80	
1	2	3	5	7	
1891	6	12
70	29
20
67	40	75	14	84	
2	4	6	8	10	
1914	6	12
214	297
21
76	42	16	94	75	
1	3	5	6	7	
2103	7	14
118	234
22
93	35	50	74	68	
1	3	5	7	8	
2241	8	16
125	2
23
35	31	90	23	86	
2	3	5	7	8	
2256	8	16
110	18
24
25	11	83	14	38	
2	3	5	6	7	
2281	6	12
202	169
25
44	84	71	77	75	
1	3	5	6	7	
2376	5	10
101	251
26
64	30	95	86	98	
1	3	4	5	6	
2402	5	10
69	203
27
26	82	33	35	48	
1	3	4	6	8	
2565	5	10
257	269
28
27	40	20	13	8	
1	2	3	4	5	
2636	7	14
245	157
29
59	41	48	82	38	
1	2	4	5	6	
2852	5	10
59	16
30
61	82	60	19	88	
1	2	3	5	7	
2973	8	16
101	104
31
10	33	22	93	24	
2	3	4	5	7	
3025	7	14
208	19
32
68	69	6	25	13	
1	3	4	6	7	
3128	8	16
95	17
33
57	59	72	90	26	
1	2	3	5	6	
3184	7	14
186	63
34
47	67	85	30	32	
1	2	3	5	7	
3306	10	20
251	11
35
26	17	18	100	41	
1	2	3	4	6	
3424	10	20
172	282
36
98	82	32	63	85	
2	3	4	5	7	
3618	9	18
138	50
37
27	87	45	73	54	
1	2	4	6	7	
3781	6	12
107	246
38
86	85	55	64	82	
2	4	6	7	8	
3808	8	16
92	95
39
44	61	45	72	33	
1	3	4	6	7	
4109	6	12
113	2
40
9	40	18	13	85	
2	3	4	6	7	
4166	5	10
272	287
41
16	45	4	85	65	
2	4	5	7	8	
4220	6	12
116	135
42
8	34	64	81	89	
2	3	4	5	7	
4245	9	18
158	282
43
12	100	75	28	63	
1	2	3	5	7	
4344	10	20
19	136
44
70	99	16	61	31	
2	4	5	7	9	
4962	9	18
221	99
45
22	36	74	4	60	
1	2	4	5	7	
5059	6	12
147	187
46
29	1	20	17	97	
2	4	6	8	10	
5279	9	18
133	262
47
58	38	97	85	48	
1	2	4	5	7	
5299	7	14
110	242
48
62	41	91	81	12	
1	3	5	7	8	
5336	7	14
295	10
49
5	28	74	35	32	
1	3	4	6	8	
5373	9	18
249	255
50
40	73	59	42	60	
2	4	5	7	9	
5450	6	12
110	9
51
28	94	5	5	80	
2	4	6	7	8	
5454	7	14
126	225
52
30	70	48	100	42	
1	2	4	6	8	
5484	6	12
230	19
53
72	47	53	100	20	
2	4	5	7	8	
5622	5	10
28	208
54
98	79	33	97	21	
2	4	5	6	7	
5639	5	10
168	212
55
22	69	60	30	58	
1	3	4	5	7	
5813	8	16
6	20
56
79	34	82	92	73	
2	4	5	7	8	
5860	10	20
291	41
57
9	99	97	37	80	
1	2	4	5	7	
6130	9	18
213	296
58
63	41	74	60	45	
2	3	4	6	7	
6176	6	12
276	137
59
33	22	73	20	10	
2	4	6	8	9	
6297	7	14
119	270
60
13	80	74	67	85	
2	3	5	6	8	
6335	7	14
241	236
61
36	13	68	28	6	
2	4	6	7	8	
6467	7	14
195	163
62
48	19	2	36	19	
2	4	5	7	9	
6558	10	20
100	118
63
63	20	48	73	10	
1	2	4	6	8	
6766	10	20
298	12
64
48	62	83	14	14	
2	4	6	7	8	
6770	6	12
220	93
65
16	28	66	64	14	
1	2	3	4	6	
6883	8	16
245	218
66
100	62	42	74	34	
1	2	4	6	7	
6886	9	18
195	279
67
78	92	28	71	19	
1	2	4	6	8	
6930	6	12
46	132
68
8	92	93	24	9	
2	4	5	6	7	
6930	5	10
190	124
69
68	35	63	70	34	
2	3	5	7	9	
6958	10	20
57	99
70
22	8	65	10	70	
2	3	5	7	9	
7111	8	16
270	31
71
26	89	100	58	40	
2	3	5	6	7	
7277	8	16
200	107
72
17	80	35	47	10	
1	2	3	4	6	
7418	9	18
276	164
73
56	91	17	8	87	
2	4	5	7	9	
7567	9	18
245	49
74
65	55	94	31	49	
1	3	5	6	8	
7592	8	16
7	147
75
91	10	61	96	83	
1	3	5	6	7	
7667	5	10
251	132
76
72	30	27	69	83	
1	3	5	7	8	
7682	9	18
241	209
77
68	94	44	14	23	
1	2	4	5	6	
7707	10	20
15	74
78
72	59	43	45	28	
1	2	4	5	7	
7765	10	20
73	240
79
45	2	74	79	7	
2	3	4	6	8	
7773	5	10
2	5
80
87	18	3	67	15	
1	2	3	5	7	
7938	7	14
57	29
81
4	61	85	41	75	
1	2	4	5	7	
8239	8	16
52	46
82
57	96	55	63	47	
2	3	5	6	8	
8471	7	14
35	48
83
93	59	22	13	8	
2	3	4	5	7	
8516	5	10
123	47
84
79	61	3	1	36	
1	2	4	5	6	
8570	9	18
283	136
85
17	11	30	30	30	
2	4	6	7	9	
8583	8	16
133	256
86
49	95	89	91	28	
1	2	3	5	6	
8712	8	16
148	64
87
36	40	82	51	57	
1	2	3	4	6	
8870	10	20
160	193
88
31	20	13	34	45	
1	2	3	4	6	
8904	5	10
55	273
89
46	57	52	81	45	
2	3	4	5	7	
8993	9	18
165	41
237	189
141	278