90	5	4000	7
0
82	92	66	97	80	
2	3	5	7	8	
29	5	10
218	190
1
42	43	28	8	100	
1	3	4	5	6	
268	9	18
200	202
2
36	71	38	9	87	
1	3	5	6	8	
332	8	16
248	176
3
91	25	30	69	40	
2	3	5	7	8	
349	10	20
34	119
4
42	66	20	19	1	
1	2	3	4	6	
382	10	20
290	191
5
36	12	68	42	56	
1	3	4	5	7	
427	5	10
80	34
6
59	23	97	81	35	
1	3	5	7	8	
502	10	20
233	270
7
96	18	23	66	14	
2	3	5	6	8	
672	7	14
210	157
8
47	69	64	80	60	
2	3	4	5	6	
911	8	16
288	62
9
3	72	21	70	62	
2	3	4	5	6	
936	7	14
270	253
10
53	55	22	58	63	
1	3	4	6	8	
1214	6	12
284	270
11
4	20	51	3	17	
1	3	4	5	7	
1280	5	10
201	40
12
31	17	55	89	93	
1	3	4	5	6	
1604	9	18
117	187
13
15	64	25	57	83	
1	3	4	5	7	
1634	10	20
45	184
14
57	72	99	16	38	
1	3	4	6	7	
1649	8	16
15	165
15
75	96	66	75	46	
2	3	5	7	9	
1930	7	14
32	115
16
35	52	97	53	17	
1	2	4	5	6	
1947	8	16
151	114
17
97	85	11	34	65	
2	3	4	6	8	
2039	9	18
294	205
18
93	69	37	94	34	
1	3	5	6	7	
2144	7	14
268	212
19
79	17	7	43	89	
1	2	4	5	7	
2153	5	10
152	199
20
76	70	60	41	3	
2	4	6	8	10	
2184	9	18
67	11
21
13	94	75	82	47	
2	4	6	8	10	
2203	10	20
260	247
22
36	84	19	74	82	
1	2	4	6	7	
2289	9	18
232	86
23
5	76	24	92	62	
2	3	5	6	7	
2490	7	14
41	282
24
97	31	67	21	98	
2	4	6	7	8	
2559	7	14
267	232
25
82	35	18	46	35	
2	4	5	7	8	
2596	8	16
109	176
26
68	20	72	13	72	
2	3	5	7	9	
2599	6	12
225	80
27
70	68	70	47	6	
2	3	4	5	6	
2787	9	18
236	120
28
59	48	93	27	85	
2	4	6	8	10	
3131	10	20
49	162
29
92	47	53	99	5	
1	2	3	5	7	
3173	8	16
211	130
30
49	62	84	32	21	
1	2	4	5	6	
3203	8	16
206	93
31
77	99	9	40	20	
1	3	5	7	9	
3234	8	16
112	271
32
91	23	69	11	45	
2	4	6	7	8	
3272	8	16
122	173
33
47	68	69	8	22	
2	4	5	7	9	
3277	10	20
141	256
34
37	52	18	84	7	
1	3	5	7	8	
3381	10	20
227	139
35
85	33	79	13	40	
1	2	4	5	7	
3686	9	18
35	81
36
21	12	27	21	45	
2	4	6	8	10	
3800	5	10
239	24
37
96	84	80	35	40	
2	4	5	7	8	
3845	10	20
265	63
38
52	58	43	54	16	
2	3	4	5	6	
3922	5	10
264	179
39
21	48	13	61	39	
1	2	4	6	8	
4114	10	20
102	171
40
74	79	16	52	54	
2	3	5	7	9	
4173	8	16
286	279
41
55	21	7	15	41	
2	3	5	7	8	
4236	7	14
274	126
42
43	61	34	28	66	
2	4	6	7	9	
4351	9	18
272	31
43
56	19	11	21	86	
1	2	4	6	8	
4402	10	20
175	154
44
12	53	64	89	49	
1	2	3	4	5	
4591	9	18
3	289
45
56	26	23	90	14	
1	2	3	5	6	
4654	7	14
220	270
46
58	57	68	22	36	
2	4	6	8	10	
4682	8	16
286	17
47
44	29	39	18	58	
2	3	5	6	7	
4745	7	14
121	5
48
68	92	40	8	44	
1	3	4	6	7	
4883	6	12
137	273
49
42	29	39	58	29	
1	3	4	5	6	
4996	10	20
11	11
50
35	29	34	61	75	
2	4	5	7	8	
5073	9	18
173	231
51
82	93	90	9	13	
1	2	3	5	6	
5222	10	20
66	277
52
13	46	28	98	87	
2	4	5	7	9	
5280	8	16
42	270
53
25	66	70	82	24	
2	3	4	6	7	
5353	8	16
248	12
54
20	7	34	33	26	
2	3	5	6	8	
5404	5	10
179	57
55
7	78	88	87	37	
1	2	4	6	8	
5410	6	12
268	53
56
27	13	20	76	42	
2	4	5	7	8	
5487	6	12
71	50
57
22	47	3	43	51	
1	3	5	6	7	
5510	9	18
42	281
58
32	61	68	4	94	
2	4	5	7	8	
5597	9	18
27	181
59
22	94	94	19	69	
2	4	6	7	8	
5675	7	14
19	36
60
4	9	59	27	95	
1	3	4	6	8	
5774	8	16
277	66
61
70	73	24	20	91	
1	3	4	6	7	
5884	5	10
40	129
62
28	64	9	12	48	
2	4	6	7	8	
6004	8	16
8	151
63
77	79	84	13	54	
2	4	5	6	8	
6017	5	10
152	232
64
59	12	22	59	74	
1	2	3	4	5	
6035	9	18
79	144
65
43	46	26	44	60	
1	3	5	6	7	
6054	6	12
58	84
66
94	16	46	4	16	
1	3	5	6	7	
6278	7	14
196	216
67
13	76	32	30	75	
1	3	4	5	6	
6296	6	12
181	165
68
65	93	43	16	6	
2	3	4	6	8	
6550	9	18
195	96
69
37	82	74	17	50	
2	4	6	8	10	
6595	5	10
100	275
70
69	92	95	63	59	
1	3	5	6	7	
6668	10	20
4	203
71
96	67	22	29	17	
1	2	4	6	7	
6765	9	18
177	242
72
12	37	36	75	17	
1	3	5	7	9	
6986	8	16
126	142
73
83	12	88	43	83	
2	3	4	5	6	
7027	7	14
227	167
74
40	22	49	90	79	
2	4	6	8	9	
7050	7	14
104	219
75
99	29	70	28	28	
1	3	5	6	7	
7176	8	16
39	292
76
27	87	54	14	99	
1	3	4	6	8	
7303	9	18
198	77
77
54	24	28	93	94	
2	3	5	7	8	
7393	10	20
246	282
78
55	8	41	96	39	
1	2	4	6	7	
7461	6	12
150	267
79
53	77	98	92	1	
2	4	5	6	8	
7529	8	16
80	228
80
62	13	74	67	87	
2	3	5	7	8	
7601	5	10
196	116
81
72	10	30	54	17	
1	2	4	5	6	
7725	6	12
264	217
82
98	52	25	32	19	
2	4	5	6	8	
7858	10	20
206	37
83
64	83	27	47	70	
2	4	6	8	10	
7883	10	20
83	91
84
70	85	20	35	74	
2	3	5	6	7	
8067	7	14
198	202
85
54	43	62	46	82	
2	3	5	6	8	
8072	10	20
3	53
86
54	19	46	15	62	
2	4	6	8	10	
8191	8	16
170	124
87
59	5	40	57	37	
2	3	5	7	9	
8235	8	16
223	12
88
26	33	11	65	22	
2	4	5	6	7	
8735	7	14
80	293
89
30	88	25	60	78	
2	4	5	6	7	
8897	9	18
240	299
3	290
158	114