90	5	4000	17
0
48	10	20	65	75	
2	3	4	6	7	
95	7	14
278	243
1
40	48	78	94	94	
1	2	3	5	6	
271	9	18
125	178
2
28	52	39	81	57	
1	2	3	5	6	
279	8	16
153	136
3
34	74	49	44	8	
1	3	4	5	6	
488	10	20
223	155
4
67	2	77	23	11	
2	4	6	7	8	
535	9	18
300	126
5
13	42	45	86	2	
1	3	5	7	8	
565	5	10
257	31
6
94	6	17	63	81	
2	3	5	7	8	
626	7	14
91	234
7
43	52	29	14	8	
2	4	6	8	10	
715	10	20
200	231
8
83	26	96	80	23	
2	3	4	5	7	
1249	9	18
240	129
9
68	43	96	67	99	
1	2	3	4	6	
1254	6	12
240	71
10
48	31	28	73	42	
2	3	5	7	8	
1394	10	20
220	169
11
84	33	61	95	87	
1	2	4	6	7	
1415	9	18
84	129
12
74	92	13	54	80	
2	4	5	6	8	
1547	9	18
88	43
13
55	7	85	13	18	
1	3	5	7	8	
1691	10	20
198	62
14
82	89	72	19	96	
1	3	4	6	7	
1695	9	18
87	141
15
93	78	55	34	36	
2	3	4	6	8	
1826	6	12
53	63
16
49	29	1	40	2	
2	3	5	7	8	
1878	7	14
166	172
17
19	57	4	34	38	
2	4	6	7	9	
1890	8	16
10	33
18
67	64	59	15	64	
1	3	4	6	7	
1923	7	14
250	291
19
15	7	45	44	51	
2	3	4	5	7	
2097	9	18
57	265
20
33	7	87	11	41	
1	3	4	6	8	
2139	7	14
17	174
21
51	15	53	35	84	
1	3	5	6	7	
2272	5	10
195	280
22
65	82	81	37	62	
1	3	5	6	7	
2393	9	18
117	130
23
86	21	20	73	71	
2	3	4	6	7	
2600	8	16
230	165
24
87	45	68	72	57	
2	4	6	7	8	
2618	10	20
57	27
25
100	36	11	40	9	
1	2	3	4	5	
2672	8	16
93	289
26
100	93	94	81	64	
2	4	5	6	8	
2993	5	10
236	88
27
29	76	1	61	83	
1	3	4	5	7	
3009	6	12
255	222
28
82	94	40	8	6	
2	3	4	6	7	
3383	5	10
126	287
29
86	44	93	16	73	
1	3	5	6	8	
3385	9	18
240	117
30
84	90	14	24	3	
2	4	5	7	8	
3501	8	16
253	221
31
32	92	80	1	8	
1	2	4	5	6	
3778	8	16
139	154
32
36	29	83	72	74	
1	2	4	6	7	
3884	7	14
238	9
33
84	12	18	38	59	
1	3	5	7	8	
3937	8	16
106	111
34
78	84	17	84	1	
1	3	4	6	7	
4087	9	18
69	25
35
100	70	60	51	23	
1	3	5	6	7	
4105	5	10
296	88
36
32	58	9	44	70	
2	3	4	5	7	
4119	5	10
77	20
37
32	89	82	99	43	
1	2	3	5	6	
4132	6	12
283	87
38
53	62	71	72	42	
1	3	4	6	7	
4205	9	18
110	140
39
9	74	95	49	40	
2	3	4	6	7	
4223	10	20
283	293
40
18	22	88	53	12	
1	2	4	6	7	
4422	7	14
94	86
41
8	72	91	13	88	
1	3	5	7	8	
4488	7	14
107	183
42
19	26	16	41	49	
1	3	5	7	9	
4556	5	10
250	274
43
34	77	49	2	97	
2	4	5	7	9	
4594	6	12
205	14
44
69	75	53	28	5	
1	2	3	5	6	
4595	10	20
143	198
45
33	38	73	2	65	
2	3	5	7	9	
4626	8	16
196	158
46
63	29	18	72	5	
1	3	4	6	7	
4635	9	18
281	40
47
77	43	36	1	9	
1	2	4	6	8	
4658	5	10
19	4
48
20	80	90	21	92	
2	4	6	8	9	
4702	5	10
6	192
49
40	16	59	79	8	
1	3	4	5	7	
4750	8	16
203	113
50
17	45	14	52	39	
2	3	4	6	8	
4896	7	14
126	23
51
49	100	14	13	45	
1	3	4	6	7	
5117	8	16
262	62
52
92	96	42	75	12	
2	4	6	7	9	
5250	10	20
224	228
53
7	86	13	70	41	
2	3	4	6	7	
5495	8	16
86	299
54
43	93	32	14	60	
2	3	5	6	8	
5543	7	14
113	11
55
36	35	39	60	27	
2	3	4	6	8	
5576	8	16
184	82
56
67	22	42	4	66	
2	3	4	6	8	
5639	9	18
243	54
57
46	18	48	49	42	
2	4	5	7	8	
5686	8	16
162	156
58
83	87	40	78	77	
1	3	4	6	8	
5695	8	16
134	18
59
50	94	28	40	95	
2	4	5	7	8	
5911	6	12
147	57
60
32	85	14	93	16	
2	4	5	6	8	
5922	5	10
128	118
61
41	42	12	63	9	
2	3	4	6	7	
6265	8	16
289	98
62
27	5	99	34	88	
2	3	4	5	7	
6366	8	16
96	285
63
9	35	98	98	82	
2	4	6	7	8	
6486	5	10
176	11
64
51	4	71	26	71	
1	2	4	5	7	
6558	6	12
193	26
65
65	44	12	11	82	
1	3	5	6	7	
6811	9	18
223	279
66
4	1	79	68	63	
2	4	6	7	9	
6909	9	18
264	25
67
6	80	31	64	10	
1	3	5	6	8	
7053	10	20
98	35
68
8	58	45	37	9	
2	3	4	6	8	
7141	7	14
148	235
69
70	12	70	56	86	
1	3	5	7	9	
7182	8	16
271	74
70
34	36	69	93	59	
2	3	4	6	7	
7340	6	12
256	17
71
83	6	63	26	32	
2	3	4	6	8	
7362	8	16
197	70
72
64	47	26	97	56	
1	3	5	6	8	
7442	7	14
198	147
73
71	10	50	6	35	
1	3	4	6	8	
7484	5	10
4	50
74
37	78	64	82	3	
2	3	5	6	8	
7589	8	16
18	225
75
51	2	6	77	37	
2	3	4	6	8	
7719	7	14
11	3
76
12	97	62	47	47	
1	3	5	7	9	
7751	5	10
259	282
77
29	36	87	57	5	
2	4	5	7	8	
7931	5	10
129	162
78
45	83	44	2	19	
1	3	4	5	6	
7980	7	14
251	298
79
87	97	16	17	92	
1	2	3	4	5	
8073	5	10
148	35
80
11	9	92	91	76	
2	4	5	7	8	
8097	7	14
207	10
81
28	56	47	1	58	
2	3	5	6	7	
8106	5	10
153	244
82
39	93	72	7	68	
1	3	4	6	7	
8188	9	18
214	25
83
85	81	36	12	29	
1	3	4	6	7	
8315	10	20
167	197
84
43	71	18	100	36	
1	2	4	5	7	
8459	7	14
244	279
85
23	30	77	83	81	
1	3	5	6	8	
8509	10	20
220	44
86
14	64	28	51	53	
1	3	5	7	9	
8511	7	14
239	196
87
2	4	49	94	21	
2	4	5	7	9	
8638	7	14
10	253
88
25	2	28	11	80	
2	4	6	8	9	
8731	10	20
69	283
89
98	71	9	3	83	
1	2	4	6	7	
8951	9	18
22	264
263	243
94	111