90	5	4000	12
0
14	52	5	43	24	
2	3	5	7	9	
189	6	12
189	226
1
92	84	43	40	38	
2	3	4	6	8	
220	9	18
94	235
2
80	82	70	92	82	
2	4	6	7	9	
412	7	14
221	235
3
47	33	19	33	11	
1	2	3	4	5	
508	10	20
167	250
4
68	49	36	28	41	
2	3	5	7	8	
526	7	14
300	129
5
76	57	98	5	76	
2	4	5	6	8	
818	10	20
27	255
6
13	71	53	51	62	
1	2	3	4	5	
833	9	18
54	116
7
11	33	90	2	80	
2	3	5	7	9	
969	8	16
193	146
8
87	30	4	75	68	
2	3	5	7	9	
1044	8	16
103	158
9
96	97	33	50	4	
2	4	6	7	8	
1239	5	10
254	29
10
86	72	48	73	41	
2	4	6	7	9	
1252	9	18
265	142
11
59	34	92	22	78	
2	4	6	8	10	
1273	6	12
121	97
12
89	34	69	16	78	
2	3	4	6	7	
1311	9	18
272	281
13
54	73	87	91	92	
2	4	5	7	9	
1433	6	12
50	198
14
83	90	34	40	14	
2	4	5	7	8	
1456	7	14
44	149
15
100	88	21	26	44	
1	2	3	4	6	
1508	6	12
80	279
16
64	100	96	69	68	
2	3	5	6	8	
1658	5	10
8	112
17
68	99	100	13	66	
1	3	5	6	8	
1801	8	16
4	224
18
51	6	71	49	20	
2	3	5	6	8	
1951	5	10
183	0
19
84	20	79	58	67	
2	3	4	5	6	
2434	10	20
73	39
20
4	97	66	39	54	
2	3	4	6	7	
2469	9	18
24	226
21
86	56	37	90	81	
1	2	3	4	5	
2490	10	20
109	184
22
99	19	16	21	90	
2	4	6	8	9	
2691	8	16
75	102
23
57	53	34	53	30	
2	3	4	5	7	
2772	10	20
245	215
24
26	50	82	62	89	
2	4	6	8	10	
2797	9	18
79	118
25
3	63	94	39	49	
1	3	5	7	8	
2861	10	20
154	70
26
43	51	2	7	85	
2	4	5	6	7	
2989	9	18
145	53
27
99	74	73	13	96	
1	3	5	7	9	
3051	6	12
138	69
28
92	25	17	54	8	
1	2	3	5	6	
3226	7	14
196	51
29
32	52	20	76	56	
1	3	5	6	8	
3229	8	16
65	8
30
30	89	91	26	60	
1	2	4	6	8	
3407	10	20
186	191
31
83	50	86	51	2	
2	3	4	6	7	
3431	10	20
98	115
32
90	2	80	35	61	
1	2	3	5	7	
3579	5	10
134	117
33
27	44	86	35	59	
2	3	5	7	9	
3586	5	10
295	266
34
26	72	37	6	47	
1	2	3	5	6	
3865	7	14
284	291
35
14	68	65	49	38	
1	2	4	5	7	
3870	10	20
90	46
36
21	24	25	20	72	
1	3	4	6	7	
3942	10	20
148	245
37
1	6	52	12	15	
1	3	4	5	7	
3986	8	16
123	118
38
45	80	58	71	29	
1	3	4	5	7	
4101	6	12
59	140
39
27	63	35	33	59	
2	3	5	6	7	
4101	8	16
283	191
40
83	2	6	88	14	
1	3	4	5	7	
4159	10	20
225	119
41
71	64	72	72	2	
1	2	4	5	6	
4172	8	16
11	78
42
95	61	53	70	43	
1	3	4	5	6	
4220	9	18
77	248
43
34	35	68	2	69	
1	3	4	6	7	
4318	6	12
11	274
44
81	77	76	55	98	
1	3	4	5	7	
4427	6	12
103	293
45
33	37	8	70	14	
1	3	4	6	7	
4591	6	12
65	77
46
36	66	29	19	74	
1	2	4	5	7	
4681	5	10
167	62
47
76	40	81	71	46	
1	3	4	6	8	
4682	6	12
170	75
48
20	75	60	32	1	
1	3	5	6	7	
4769	7	14
215	249
49
5	37	97	85	86	
1	2	4	5	7	
4923	10	20
234	231
50
51	64	59	44	2	
2	3	4	5	7	
4942	6	12
102	196
51
72	65	30	93	9	
2	4	5	7	9	
5005	10	20
62	32
52
5	84	60	45	74	
1	2	3	4	6	
5085	7	14
153	102
53
14	7	46	70	35	
2	4	5	7	9	
5086	9	18
10	123
54
19	10	6	75	30	
1	3	4	6	8	
5140	7	14
79	150
55
56	6	64	16	28	
2	4	5	6	7	
5140	5	10
154	71
56
88	79	57	31	3	
1	3	5	7	9	
5201	9	18
125	270
57
89	28	99	32	96	
2	4	6	7	9	
5301	10	20
233	188
58
13	41	95	49	12	
1	3	5	6	7	
5333	6	12
207	199
59
5	28	76	80	10	
2	4	5	6	8	
5506	5	10
281	128
60
79	98	77	11	52	
2	3	5	7	9	
5532	7	14
271	24
61
41	66	36	43	2	
1	2	3	5	7	
5576	5	10
298	27
62
26	49	70	51	98	
2	3	4	5	7	
5694	7	14
33	139
63
45	8	96	82	34	
2	3	5	6	7	
5951	7	14
168	91
64
94	12	92	47	89	
2	4	5	6	8	
5976	7	14
226	237
65
12	88	74	49	14	
1	3	4	5	7	
6216	6	12
193	23
66
75	57	81	86	17	
1	2	4	5	7	
6342	9	18
286	232
67
98	75	39	32	85	
1	2	4	6	8	
6727	8	16
150	119
68
83	14	71	73	26	
2	4	6	7	9	
6741	9	18
169	247
69
26	100	93	10	26	
2	4	5	7	8	
6902	6	12
225	38
70
41	18	36	78	51	
1	3	5	7	8	
7038	6	12
107	94
71
52	94	23	61	83	
2	3	5	6	7	
7046	6	12
63	288
72
74	100	58	77	69	
2	3	5	6	7	
7181	10	20
95	95
73
99	65	73	85	8	
1	3	5	7	8	
7202	5	10
134	56
74
50	67	3	89	47	
1	2	4	5	6	
7222	9	18
71	43
75
45	8	49	6	48	
2	4	6	8	10	
7525	9	18
274	31
76
31	61	88	67	35	
2	4	6	8	10	
7624	5	10
87	203
77
58	43	21	60	12	
1	2	3	4	5	
7700	5	10
108	130
78
15	63	86	16	54	
1	2	4	6	7	
7905	5	10
123	132
79
34	45	23	27	11	
1	2	4	5	7	
7934	9	18
7	181
80
13	59	42	98	86	
1	3	5	6	7	
8029	5	10
268	174
81
11	47	73	96	57	
1	3	5	7	9	
8084	8	16
300	101
82
45	47	7	22	57	
2	3	4	5	6	
8107	5	10
164	195
83
62	77	86	6	74	
2	3	5	6	8	
8410	7	14
48	210
84
41	51	94	55	18	
1	2	4	6	8	
8451	7	14
280	91
85
59	42	23	59	37	
2	3	4	6	8	
8452	10	20
289	6
86
87	54	17	43	45	
1	2	3	5	6	
8523	8	16
271	273
87
9	48	88	89	58	
2	4	5	7	8	
8725	6	12
214	24
88
97	18	28	59	45	
2	4	6	7	9	
8873	10	20
172	256
89
50	73	66	18	27	
2	4	6	8	9	
8997	9	18
263	181
160	132
102	82