90	5	4000	18
0
82	18	43	74	69	
1	3	4	5	7	
1	10	20
211	192
1
99	78	94	69	48	
2	4	6	8	9	
16	10	20
91	32
2
50	15	92	73	57	
1	3	5	6	8	
108	10	20
226	155
3
38	70	24	46	30	
1	2	3	4	6	
183	9	18
278	164
4
96	5	40	79	97	
2	3	5	6	8	
183	7	14
52	29
5
55	37	64	51	20	
1	3	4	6	7	
345	6	12
217	7
6
73	4	14	76	38	
2	3	5	6	8	
362	6	12
246	117
7
26	23	87	13	24	
1	2	3	5	7	
839	8	16
213	239
8
54	79	52	2	71	
1	2	3	5	7	
1076	5	10
234	87
9
31	94	48	27	34	
2	4	5	6	7	
1087	6	12
289	223
10
76	30	30	33	78	
2	3	5	7	8	
1246	6	12
246	87
11
12	12	72	90	76	
1	2	3	4	6	
1566	5	10
61	291
12
45	3	4	91	90	
1	3	5	7	9	
1600	10	20
53	118
13
60	95	84	75	21	
1	3	4	5	6	
1636	9	18
144	73
14
13	59	43	5	20	
1	3	4	5	6	
1819	9	18
295	73
15
91	13	88	44	10	
2	3	4	5	7	
1839	6	12
57	289
16
2	90	70	11	72	
2	4	5	6	8	
1928	6	12
238	255
17
71	49	72	46	13	
2	3	5	7	8	
2158	10	20
295	84
18
54	46	50	95	78	
1	3	4	5	6	
2197	5	10
224	237
19
25	59	39	9	38	
2	3	4	5	7	
2496	9	18
245	177
20
35	73	25	8	98	
1	3	5	6	8	
2757	8	16
57	73
21
19	18	70	67	32	
2	4	6	7	8	
2831	6	12
147	263
22
42	4	34	85	67	
2	4	5	7	9	
2865	6	12
38	219
23
88	59	15	87	51	
1	2	4	6	7	
2982	7	14
132	58
24
71	93	15	83	6	
1	3	4	6	8	
3010	10	20
298	274
25
10	50	43	64	87	
1	2	4	5	7	
3085	10	20
19	290
26
100	7	17	22	33	
1	3	5	7	9	
3240	6	12
216	197
27
2	42	17	18	91	
1	2	4	5	6	
3288	7	14
194	276
28
98	28	83	39	84	
1	2	3	4	6	
3336	6	12
166	197
29
65	26	47	12	8	
2	3	4	5	7	
3363	8	16
91	44
30
71	84	95	100	1	
1	2	4	6	7	
3403	8	16
285	115
31
25	10	51	29	19	
1	2	3	4	5	
3417	7	14
239	180
32
81	53	17	32	2	
2	4	6	8	10	
3722	9	18
250	298
33
87	35	95	29	49	
1	2	4	6	7	
3771	6	12
107	200
34
35	92	88	62	60	
1	2	3	5	7	
4084	6	12
165	275
35
56	31	21	8	21	
2	4	6	7	9	
4122	5	10
250	214
36
97	57	70	82	84	
1	2	3	5	7	
4249	7	14
250	27
37
62	63	61	71	51	
2	4	6	8	10	
4250	10	20
153	62
38
36	17	51	99	92	
2	4	6	8	9	
4252	7	14
206	258
39
56	79	15	98	88	
2	3	5	7	8	
4260	7	14
47	175
40
93	1	75	61	25	
1	3	4	5	6	
4501	6	12
239	111
41
76	36	68	11	4	
1	3	5	7	9	
4587	7	14
294	26
42
3	5	8	26	81	
1	3	4	6	8	
4767	6	12
297	155
43
71	37	79	43	48	
2	4	6	8	9	
4929	5	10
45	269
44
72	25	61	52	86	
1	3	5	6	7	
4937	9	18
241	72
45
75	5	51	26	88	
1	2	4	6	8	
5016	7	14
286	124
46
47	83	40	30	58	
1	3	4	6	7	
5027	8	16
276	137
47
14	2	47	99	41	
1	3	5	7	9	
5222	6	12
57	218
48
56	99	26	52	71	
2	4	5	7	9	
5231	9	18
75	118
49
4	79	4	8	71	
1	3	4	5	7	
5396	8	16
281	9
50
92	11	58	56	86	
2	4	5	6	7	
5441	5	10
139	178
51
19	45	47	23	58	
2	3	5	6	8	
5612	8	16
116	53
52
13	94	13	17	34	
2	4	6	7	8	
5663	5	10
222	57
53
13	51	71	6	55	
1	3	5	7	8	
5778	5	10
148	177
54
24	85	42	74	74	
1	2	4	5	6	
5807	6	12
12	115
55
96	89	88	64	67	
2	3	4	6	8	
5815	6	12
237	143
56
78	78	66	95	96	
1	2	3	5	7	
5860	10	20
26	239
57
68	72	2	41	74	
1	2	4	5	7	
5902	5	10
119	199
58
39	84	54	49	28	
2	3	4	5	7	
6181	9	18
277	217
59
16	39	8	90	18	
1	3	4	6	7	
6391	6	12
148	245
60
31	12	31	10	100	
1	2	4	5	6	
6495	8	16
4	117
61
37	62	66	83	80	
2	4	6	7	9	
6569	8	16
239	173
62
59	19	23	19	32	
1	2	3	5	7	
6611	8	16
29	247
63
30	40	87	2	11	
1	3	5	6	7	
6659	7	14
110	163
64
18	26	60	35	36	
1	3	4	6	8	
6688	7	14
45	171
65
19	84	48	31	27	
2	4	5	6	7	
6822	7	14
99	27
66
32	83	58	70	13	
2	4	6	8	9	
6971	10	20
4	273
67
90	97	8	42	94	
1	2	4	6	8	
7022	7	14
202	190
68
17	40	81	38	23	
1	2	4	6	8	
7045	5	10
291	246
69
10	6	86	16	26	
1	2	4	5	7	
7072	7	14
27	138
70
2	57	18	71	77	
1	2	3	5	7	
7084	7	14
66	206
71
80	76	8	34	13	
2	4	6	8	10	
7206	8	16
58	52
72
41	75	100	56	19	
2	3	5	7	9	
7219	9	18
205	57
73
76	99	42	58	76	
1	3	4	5	7	
7323	10	20
186	86
74
31	76	90	41	93	
1	3	5	6	8	
7351	6	12
90	35
75
16	47	17	29	47	
1	3	5	7	8	
7373	5	10
208	24
76
85	42	99	58	21	
1	3	5	7	8	
7404	10	20
99	225
77
62	41	56	40	19	
2	4	5	6	7	
7489	9	18
231	38
78
66	22	48	99	57	
1	2	4	6	7	
7520	7	14
140	185
79
25	1	41	73	18	
2	3	5	6	7	
7590	10	20
274	188
80
30	49	41	72	47	
1	2	3	5	6	
7681	9	18
15	26
81
5	55	70	11	45	
1	2	3	5	7	
7709	8	16
226	20
82
46	96	4	58	17	
2	3	5	6	7	
7719	6	12
42	211
83
39	50	96	12	41	
1	2	3	5	6	
7941	6	12
99	15
84
94	31	7	25	60	
2	4	6	7	8	
7969	5	10
38	42
85
100	54	32	12	78	
1	3	4	6	7	
8033	5	10
255	155
86
79	55	23	59	59	
1	2	3	4	6	
8420	7	14
74	192
87
51	49	25	53	70	
1	2	4	5	6	
8457	5	10
2	34
88
20	44	17	16	89	
2	3	4	6	7	
8702	6	12
44	23
89
6	46	20	8	15	
2	4	5	7	9	
8955	6	12
20	48
106	253
241	282