90	5	4000	19
0
53	47	16	51	49	
1	2	3	4	5	
76	10	20
174	235
1
86	19	42	67	91	
1	2	4	6	8	
139	7	14
228	273
2
49	87	10	42	26	
2	3	5	7	9	
180	10	20
148	9
3
20	60	59	53	65	
2	4	6	8	10	
266	7	14
135	1
4
36	56	95	37	74	
2	4	6	7	9	
313	8	16
130	54
5
63	85	33	26	99	
1	2	3	5	6	
362	5	10
142	207
6
34	47	54	27	92	
1	2	4	5	7	
481	8	16
42	285
7
64	23	22	93	54	
1	3	5	6	8	
812	5	10
4	32
8
12	46	38	34	97	
2	4	6	7	8	
1051	8	16
97	120
9
99	21	51	20	70	
2	4	6	8	9	
1186	9	18
191	164
10
24	54	78	26	63	
1	3	4	6	8	
1204	9	18
159	128
11
61	17	40	9	35	
2	3	4	6	8	
1209	6	12
266	191
12
19	62	81	43	24	
1	2	4	6	7	
1210	10	20
149	110
13
45	41	90	27	70	
1	3	5	6	8	
1538	8	16
3	269
14
18	87	39	18	89	
2	4	5	7	9	
1717	5	10
111	207
15
72	13	17	82	59	
2	3	4	6	7	
1829	6	12
2	25
16
94	18	74	72	89	
1	3	5	6	8	
1835	10	20
189	210
17
66	52	45	13	11	
1	2	4	5	7	
1841	9	18
235	275
18
14	16	23	19	48	
1	2	3	5	7	
1868	5	10
65	248
19
58	24	57	87	27	
2	3	4	6	8	
1870	10	20
189	191
20
75	55	11	78	64	
1	2	4	6	8	
1992	10	20
34	224
21
1	94	1	32	84	
2	4	5	6	7	
2024	9	18
284	46
22
58	92	99	34	65	
1	3	5	6	8	
2285	8	16
61	241
23
33	95	31	57	24	
1	3	5	7	9	
2430	8	16
263	89
24
42	17	22	56	67	
2	4	6	8	10	
2483	9	18
256	149
25
10	44	95	40	15	
1	2	4	5	6	
2587	10	20
174	120
26
57	99	36	21	89	
2	3	4	5	7	
2656	7	14
52	253
27
10	35	38	19	33	
2	4	5	6	8	
2693	9	18
188	89
28
97	94	87	23	42	
2	3	5	7	8	
2894	7	14
44	232
29
19	92	49	64	85	
2	4	6	8	10	
2907	7	14
34	159
30
29	52	63	12	12	
1	3	5	7	9	
2923	5	10
59	139
31
51	76	7	98	19	
2	4	6	7	8	
2942	6	12
117	209
32
80	24	96	58	56	
1	2	3	4	5	
2950	9	18
111	77
33
90	69	54	88	22	
1	2	3	4	5	
3006	9	18
213	230
34
2	39	15	26	38	
2	3	4	5	7	
3012	9	18
169	168
35
67	41	40	6	100	
2	4	5	7	9	
3224	8	16
210	122
36
11	48	26	43	25	
2	4	5	7	9	
3403	7	14
0	125
37
23	6	62	14	75	
1	2	3	5	7	
3522	7	14
176	151
38
83	86	32	32	7	
1	2	3	5	6	
3617	7	14
210	100
39
42	84	17	92	45	
2	4	6	7	9	
3776	5	10
271	263
40
37	88	66	30	46	
2	4	5	6	8	
4123	8	16
178	170
41
86	1	25	1	52	
2	4	6	8	10	
4176	7	14
286	145
42
1	81	74	16	46	
1	3	5	6	7	
4406	8	16
268	71
43
20	62	33	53	19	
2	4	6	8	10	
4413	10	20
180	4
44
74	8	31	54	44	
2	3	5	6	8	
4492	9	18
93	214
45
3	76	91	3	17	
2	3	5	6	8	
4583	9	18
226	90
46
73	50	57	36	26	
2	3	5	6	7	
4612	9	18
239	244
47
18	50	34	59	58	
2	3	4	5	6	
4820	8	16
112	166
48
3	19	69	35	7	
2	3	4	5	6	
4902	6	12
0	98
49
35	51	76	28	21	
1	2	3	4	6	
5017	6	12
140	258
50
56	59	26	60	98	
1	2	4	6	8	
5245	10	20
10	235
51
34	90	39	77	10	
2	4	5	6	8	
5407	9	18
245	153
52
47	28	68	86	26	
1	2	4	6	8	
5660	9	18
172	66
53
8	67	56	29	91	
1	3	4	5	7	
5752	8	16
106	200
54
17	71	54	75	97	
2	3	4	6	8	
5754	8	16
239	101
55
75	51	4	25	7	
2	3	5	7	9	
5768	7	14
130	62
56
49	29	16	13	85	
1	2	4	6	7	
5774	5	10
95	296
57
4	71	56	27	42	
2	4	5	6	8	
6025	6	12
294	225
58
59	10	39	23	59	
2	4	6	7	8	
6142	6	12
210	179
59
3	18	58	100	75	
1	3	4	6	8	
6179	6	12
177	93
60
29	97	30	28	43	
2	4	6	7	8	
6289	5	10
88	61
61
16	60	41	84	8	
2	3	5	6	8	
6346	7	14
183	230
62
22	61	5	83	57	
2	3	5	6	7	
6385	7	14
63	299
63
62	54	24	44	62	
1	3	4	6	7	
6421	5	10
183	50
64
31	58	63	26	13	
1	2	3	4	6	
6607	9	18
189	88
65
41	79	75	68	95	
1	2	4	5	6	
6618	8	16
250	165
66
3	9	65	7	47	
1	2	3	4	5	
6703	5	10
206	253
67
76	93	2	76	24	
2	4	5	6	8	
6907	5	10
175	216
68
58	61	69	79	59	
1	2	4	6	8	
6962	5	10
236	125
69
71	23	92	18	17	
2	3	4	6	7	
7099	9	18
19	151
70
26	87	81	82	73	
2	4	6	7	8	
7104	8	16
136	162
71
27	32	45	3	72	
1	2	4	6	7	
7317	8	16
184	82
72
33	70	30	85	16	
1	2	4	5	6	
7378	5	10
269	236
73
73	81	75	92	49	
2	4	5	6	7	
7528	9	18
155	12
74
47	98	24	16	48	
1	3	5	7	9	
7566	10	20
179	66
75
2	53	33	50	63	
2	4	5	6	8	
7595	8	16
130	15
76
4	41	94	5	53	
1	3	4	6	7	
8007	6	12
3	275
77
69	4	42	87	75	
1	2	4	6	8	
8051	5	10
221	213
78
98	61	79	80	2	
1	2	3	5	7	
8182	7	14
285	46
79
12	50	54	92	2	
1	3	5	6	8	
8225	10	20
233	134
80
96	50	86	77	24	
2	4	6	8	10	
8265	7	14
250	224
81
85	88	25	17	29	
1	3	5	7	9	
8549	8	16
286	258
82
57	58	76	22	42	
2	4	5	6	7	
8562	5	10
39	26
83
41	41	47	12	65	
1	3	4	6	8	
8600	6	12
73	241
84
61	71	8	87	82	
1	3	4	6	7	
8648	10	20
180	31
85
35	30	1	19	90	
2	3	4	6	7	
8765	5	10
105	136
86
20	100	90	9	82	
1	2	4	6	7	
8811	7	14
48	124
87
74	70	17	46	73	
2	4	5	6	8	
8834	8	16
224	39
88
53	80	63	76	96	
1	3	5	7	8	
8933	10	20
96	197
89
72	74	40	100	8	
1	3	5	7	9	
8992	5	10
43	105
8	3
231	300