90	5	4000	1
0
21	1	36	22	22	
2	4	5	6	7	
199	6	12
250	267
1
60	77	83	71	12	
1	2	3	4	6	
781	6	12
96	154
2
67	41	39	56	79	
2	4	5	6	7	
799	7	14
292	218
3
96	50	29	46	100	
2	3	4	6	7	
826	8	16
266	4
4
61	86	48	76	75	
1	3	5	6	8	
1038	5	10
131	265
5
9	96	41	5	31	
1	3	4	5	7	
1491	8	16
132	164
6
17	21	12	44	71	
2	4	5	6	7	
1597	9	18
109	4
7
31	72	46	79	45	
1	3	4	6	7	
1636	5	10
26	217
8
89	85	100	77	53	
2	3	5	7	8	
1639	7	14
46	170
9
21	70	61	98	59	
2	3	4	5	7	
1873	8	16
191	103
10
91	79	73	31	78	
2	4	6	8	10	
1877	10	20
42	32
11
97	25	73	81	88	
1	2	3	4	6	
2216	6	12
224	299
12
48	88	79	7	18	
2	3	4	6	7	
2219	5	10
40	30
13
92	57	27	20	81	
2	4	6	7	8	
2336	6	12
251	284
14
87	48	31	55	78	
2	3	5	7	9	
2436	7	14
118	68
15
10	31	46	86	46	
2	4	5	7	9	
2740	6	12
247	202
16
22	10	30	50	72	
1	2	4	6	7	
3191	10	20
217	114
17
74	19	73	82	65	
1	3	4	6	8	
3271	5	10
68	147
18
71	60	96	69	26	
1	3	5	6	7	
3271	9	18
52	75
19
31	29	57	25	50	
2	3	4	6	7	
3297	9	18
64	66
20
7	64	54	17	27	
1	2	3	5	7	
3326	5	10
36	136
21
19	21	90	50	78	
1	3	5	7	9	
3328	6	12
90	122
22
7	98	4	7	44	
2	3	5	7	8	
3437	9	18
127	26
23
6	4	95	48	19	
1	3	4	5	6	
3479	7	14
285	185
24
23	15	49	22	78	
1	2	4	6	8	
3489	6	12
261	194
25
59	68	81	41	26	
2	3	5	6	7	
3745	8	16
58	289
26
44	3	87	85	90	
1	3	5	7	8	
3746	5	10
100	278
27
43	3	63	98	72	
1	3	4	6	8	
3756	5	10
197	10
28
55	57	63	91	10	
2	4	5	7	9	
3777	9	18
287	194
29
20	29	84	63	48	
1	2	4	6	7	
3972	5	10
153	223
30
13	42	89	2	29	
2	3	5	7	9	
4261	7	14
61	128
31
88	81	86	85	61	
1	2	3	4	5	
4344	5	10
189	116
32
44	97	43	15	6	
1	3	4	5	6	
4406	6	12
129	212
33
69	36	61	28	33	
2	3	4	6	8	
4502	8	16
59	164
34
89	35	71	5	76	
1	3	5	7	8	
4665	6	12
172	272
35
26	60	7	22	81	
2	3	5	6	7	
4679	10	20
266	271
36
19	82	22	68	85	
2	4	5	7	8	
4694	7	14
76	2
37
70	8	85	92	53	
1	3	4	6	8	
4804	6	12
223	244
38
90	83	62	39	77	
1	3	4	6	8	
4857	8	16
167	96
39
97	26	36	76	71	
1	3	5	6	7	
4934	10	20
127	234
40
18	19	14	4	18	
2	3	5	6	8	
5099	9	18
8	208
41
30	98	84	96	40	
1	3	4	5	6	
5253	6	12
19	129
42
87	43	99	33	87	
2	4	5	6	7	
5274	8	16
139	3
43
15	97	98	13	50	
2	4	6	8	9	
5312	7	14
175	74
44
38	47	67	77	85	
1	3	5	6	8	
5413	6	12
201	197
45
49	16	40	94	18	
2	4	5	7	9	
5470	10	20
0	120
46
99	67	55	63	86	
2	4	6	7	9	
5600	8	16
208	30
47
31	30	21	70	32	
1	3	5	7	8	
5675	7	14
123	126
48
29	4	81	98	91	
2	3	4	5	7	
5700	9	18
154	42
49
4	60	71	55	42	
1	3	4	6	8	
5760	9	18
266	250
50
49	21	51	63	98	
1	2	4	6	8	
5789	10	20
43	51
51
64	36	50	10	85	
2	3	4	6	7	
5796	8	16
267	209
52
43	32	53	95	46	
1	3	4	6	7	
5996	10	20
291	73
53
99	94	6	68	4	
1	3	5	6	7	
6027	5	10
225	92
54
23	77	12	38	33	
2	4	6	8	10	
6058	9	18
82	267
55
54	44	58	25	12	
2	3	5	7	9	
6230	9	18
285	220
56
93	22	5	56	85	
1	3	5	6	7	
6398	5	10
102	32
57
18	73	3	8	46	
2	3	5	6	8	
6555	8	16
73	132
58
5	70	28	13	50	
2	4	6	8	10	
6646	9	18
33	0
59
24	38	20	10	20	
2	3	5	7	9	
6979	10	20
79	229
60
52	43	17	78	57	
2	3	4	6	7	
6994	9	18
173	297
61
59	20	21	45	24	
2	4	6	7	8	
7008	5	10
32	290
62
25	41	13	70	2	
2	4	5	7	8	
7013	7	14
149	59
63
8	96	74	6	80	
1	3	4	6	7	
7030	5	10
294	63
64
83	88	4	48	61	
2	4	5	7	8	
7267	9	18
227	206
65
30	74	87	90	26	
2	3	4	5	6	
7396	7	14
230	91
66
92	57	1	22	42	
1	2	3	5	6	
7414	9	18
126	218
67
47	5	72	66	1	
1	2	4	6	8	
7511	10	20
30	63
68
69	50	81	93	64	
2	3	4	6	8	
7606	9	18
263	147
69
90	50	76	51	7	
2	3	4	6	7	
7799	9	18
248	185
70
23	87	13	56	57	
2	3	5	6	8	
7887	8	16
253	130
71
94	9	28	39	33	
2	4	6	8	10	
7945	5	10
50	38
72
89	2	58	45	89	
2	3	5	7	9	
8006	7	14
240	43
73
68	30	41	16	15	
1	2	3	4	5	
8060	10	20
171	176
74
15	44	16	7	36	
1	3	4	6	7	
8161	10	20
80	193
75
83	74	44	84	31	
1	3	4	5	6	
8163	10	20
250	178
76
12	66	28	71	52	
2	4	5	6	8	
8196	6	12
244	246
77
59	25	2	21	44	
1	3	4	6	8	
8205	10	20
274	29
78
97	56	54	68	70	
2	3	5	6	7	
8444	10	20
99	291
79
71	28	94	50	43	
1	2	4	5	6	
8463	5	10
300	52
80
4	72	57	95	45	
1	2	4	6	8	
8550	10	20
178	11
81
55	33	47	88	83	
1	3	4	6	8	
8647	10	20
151	108
82
32	59	17	79	58	
1	3	5	7	8	
8681	10	20
98	266
83
40	67	66	29	81	
1	3	4	5	6	
8732	7	14
282	123
84
2	5	50	64	38	
1	2	4	6	7	
8806	8	16
68	180
85
84	72	12	83	11	
1	2	4	6	8	
8895	7	14
186	52
86
10	58	59	36	67	
2	3	4	6	7	
8914	8	16
90	284
87
90	10	25	5	100	
1	3	5	6	7	
8935	5	10
199	270
88
88	99	97	24	28	
2	4	5	7	9	
8975	7	14
236	273
89
59	34	97	83	79	
1	3	4	6	7	
9000	7	14
295	203
29	24
203	10