90	5	4000	4
0
23	94	13	40	17	
2	3	4	5	7	
26	6	12
106	35
1
39	60	96	45	44	
1	2	3	5	7	
234	9	18
153	215
2
73	28	80	44	35	
1	3	5	7	9	
368	6	12
298	270
3
74	3	2	2	85	
1	3	4	6	8	
397	7	14
81	199
4
67	43	33	65	61	
1	2	4	6	7	
467	5	10
147	190
5
45	72	89	8	76	
1	2	3	5	6	
520	8	16
44	154
6
73	22	72	51	53	
1	3	4	5	6	
677	10	20
127	296
7
33	44	57	57	52	
2	4	5	6	7	
772	5	10
268	262
8
1	60	13	72	57	
2	3	5	6	7	
774	9	18
10	278
9
49	9	91	97	77	
2	4	6	7	8	
776	6	12
240	156
10
5	99	74	64	5	
2	4	6	7	8	
793	9	18
227	299
11
91	62	85	81	68	
1	2	3	5	6	
910	8	16
232	73
12
2	41	98	14	30	
1	2	3	5	7	
1067	6	12
77	31
13
90	28	65	78	62	
1	3	5	7	9	
1117	7	14
33	148
14
34	69	16	5	78	
1	3	5	6	7	
1501	5	10
132	66
15
100	87	22	25	40	
2	4	6	8	10	
1534	8	16
243	225
16
93	41	93	38	100	
2	4	6	8	10	
1628	7	14
137	12
17
71	44	74	26	66	
2	3	5	6	8	
1651	6	12
56	188
18
53	52	29	47	16	
1	2	3	5	7	
1684	9	18
297	21
19
83	75	23	45	49	
2	4	6	8	10	
1794	7	14
244	249
20
66	9	7	12	74	
2	4	5	6	7	
1868	8	16
260	52
21
72	69	67	64	50	
1	3	4	6	8	
1889	6	12
289	144
22
89	24	9	59	11	
1	2	4	5	6	
1904	6	12
202	103
23
21	8	33	30	91	
1	3	5	6	8	
1905	9	18
1	161
24
44	39	56	1	1	
1	3	4	5	7	
2166	10	20
148	124
25
70	62	4	95	39	
1	2	3	5	7	
2314	8	16
175	268
26
80	100	37	31	37	
1	3	4	6	7	
2375	10	20
284	199
27
8	63	55	29	63	
1	2	3	4	5	
2633	8	16
115	241
28
65	33	22	49	93	
1	3	5	7	9	
2708	9	18
295	86
29
15	91	93	70	57	
1	3	4	6	7	
2726	6	12
245	263
30
11	45	34	76	20	
2	4	6	8	9	
2790	9	18
140	119
31
71	16	48	30	6	
1	2	4	5	6	
2832	6	12
159	184
32
25	2	28	39	77	
2	4	5	7	9	
2880	5	10
270	3
33
38	12	81	90	12	
2	3	4	5	6	
3024	10	20
92	273
34
87	54	89	10	28	
2	3	4	6	8	
3060	7	14
84	137
35
55	56	67	68	58	
2	4	5	6	8	
3068	6	12
281	49
36
7	32	87	100	60	
2	3	5	7	8	
3136	9	18
173	227
37
31	59	79	83	38	
1	3	4	6	8	
3276	10	20
213	188
38
54	26	53	96	50	
2	3	5	6	7	
3323	6	12
215	296
39
79	19	59	46	84	
1	3	4	6	7	
3377	7	14
51	295
40
95	50	91	39	80	
1	3	4	5	7	
3487	6	12
198	259
41
55	15	88	12	6	
2	4	6	7	9	
3563	8	16
68	187
42
62	33	14	1	48	
1	3	5	7	9	
3726	7	14
264	103
43
83	20	32	28	69	
2	4	6	7	8	
3880	8	16
83	124
44
47	51	1	6	58	
1	3	5	6	7	
3910	10	20
168	53
45
40	93	38	16	17	
2	3	4	6	7	
4163	9	18
145	111
46
95	80	79	49	70	
2	3	5	6	7	
4164	9	18
6	273
47
11	82	19	56	88	
2	4	6	7	8	
4187	6	12
108	11
48
100	40	71	69	25	
1	2	3	4	6	
4544	5	10
297	180
49
11	53	2	39	61	
2	4	6	8	10	
4693	5	10
195	116
50
54	94	27	38	64	
1	3	5	7	9	
4702	5	10
5	10
51
26	57	22	86	18	
2	4	5	6	8	
4801	10	20
202	58
52
99	2	18	82	97	
2	4	5	7	9	
4805	6	12
235	209
53
73	79	34	22	25	
1	2	4	6	7	
4815	5	10
121	41
54
17	76	42	86	24	
1	3	5	7	9	
4821	6	12
113	56
55
46	48	41	44	23	
2	3	5	6	8	
4879	5	10
112	288
56
34	34	24	94	68	
1	2	4	6	7	
5058	7	14
271	260
57
20	38	92	58	73	
1	3	4	6	7	
5068	5	10
69	169
58
60	66	66	40	3	
1	3	5	6	8	
5105	10	20
175	62
59
98	50	100	12	48	
1	3	5	6	8	
5238	6	12
134	194
60
48	57	20	40	2	
2	3	5	7	8	
5475	7	14
133	275
61
43	73	32	39	51	
1	3	4	6	8	
5481	10	20
234	161
62
38	56	40	9	82	
1	2	4	5	6	
5492	6	12
191	122
63
77	89	93	27	86	
1	2	4	6	7	
5726	5	10
7	157
64
81	59	8	45	36	
1	3	4	5	7	
5991	10	20
33	285
65
45	93	9	100	44	
2	3	5	7	9	
5997	5	10
164	112
66
50	87	94	73	19	
2	4	5	7	8	
6169	5	10
61	71
67
82	71	35	38	45	
1	3	4	6	8	
6172	10	20
28	137
68
41	50	88	99	95	
2	3	4	5	6	
6217	9	18
62	158
69
40	71	31	33	75	
2	3	5	7	9	
6375	8	16
101	111
70
37	23	16	86	20	
1	2	3	5	7	
6466	9	18
259	276
71
68	86	28	53	50	
1	2	3	4	6	
6472	9	18
8	241
72
30	28	75	5	96	
1	3	4	6	8	
6782	7	14
1	136
73
43	38	24	17	63	
2	3	4	5	6	
7038	7	14
61	73
74
53	27	85	66	84	
2	4	5	6	8	
7212	7	14
258	155
75
44	6	54	87	41	
1	3	5	7	8	
7243	8	16
192	298
76
30	18	25	88	52	
1	3	5	6	8	
7309	10	20
102	86
77
43	68	1	93	60	
2	4	6	7	9	
7309	7	14
163	264
78
88	37	1	9	35	
2	4	5	6	8	
7320	10	20
241	108
79
51	17	57	73	90	
1	3	4	6	7	
7359	5	10
188	69
80
40	6	36	25	58	
1	3	5	6	8	
7446	9	18
274	186
81
32	45	22	7	84	
2	3	5	7	8	
7550	8	16
297	83
82
27	42	2	31	75	
1	2	3	5	6	
7789	8	16
212	94
83
46	60	96	67	44	
2	3	5	7	9	
8125	8	16
154	76
84
53	93	72	43	49	
2	3	4	6	7	
8269	7	14
128	160
85
42	25	97	19	30	
1	3	5	6	7	
8730	6	12
237	43
86
48	73	5	85	77	
2	4	6	7	8	
8801	5	10
295	276
87
32	10	51	98	44	
2	3	5	7	8	
8815	6	12
2	119
88
30	68	34	15	82	
1	3	4	5	6	
8834	8	16
54	233
89
92	97	35	49	100	
1	2	4	5	7	
8971	5	10
219	191
98	158
256	33