90	5	4000	13
0
25	87	83	24	57	
1	3	5	6	7	
346	5	10
23	63
1
73	72	96	15	29	
1	2	3	4	6	
453	5	10
202	146
2
96	80	88	68	96	
1	2	4	5	6	
463	6	12
1	295
3
98	94	82	16	97	
1	3	5	6	8	
486	10	20
19	287
4
93	71	55	84	69	
2	4	6	8	9	
502	7	14
120	69
5
97	69	30	28	76	
1	2	4	5	6	
527	8	16
299	10
6
40	77	2	8	12	
1	2	4	5	7	
615	10	20
27	117
7
46	9	34	60	62	
2	3	4	6	8	
637	8	16
83	151
8
47	79	77	20	42	
2	4	6	7	8	
800	7	14
193	198
9
98	66	36	34	73	
2	4	5	6	8	
805	10	20
291	68
10
80	95	83	44	61	
2	4	5	7	8	
835	8	16
238	108
11
100	57	72	14	8	
1	2	3	5	7	
936	10	20
220	248
12
91	80	48	85	46	
1	3	4	6	7	
1228	5	10
298	111
13
89	30	20	95	57	
2	4	5	7	8	
1278	10	20
53	78
14
29	35	4	39	97	
1	2	4	5	6	
1309	7	14
211	78
15
91	30	5	42	80	
2	3	4	5	6	
1349	7	14
290	263
16
19	65	3	51	89	
1	3	5	7	9	
1596	7	14
257	201
17
93	11	25	75	95	
1	2	3	4	5	
1603	8	16
95	276
18
60	52	78	63	1	
2	4	6	7	9	
1766	5	10
185	81
19
13	21	88	79	42	
1	2	4	6	7	
1796	10	20
25	75
20
9	10	34	6	99	
2	3	4	5	7	
1844	10	20
146	111
21
82	55	48	61	12	
1	3	4	6	8	
1901	7	14
96	214
22
9	72	43	2	11	
1	3	5	6	7	
1966	5	10
78	75
23
20	44	15	86	18	
2	3	4	5	6	
2020	9	18
96	227
24
11	66	66	27	26	
2	4	5	7	9	
2063	7	14
149	247
25
84	49	96	47	26	
2	4	6	8	9	
2147	6	12
228	43
26
12	31	26	40	100	
2	4	5	7	9	
2155	9	18
105	244
27
41	58	62	62	25	
1	3	5	6	7	
2271	9	18
217	157
28
87	40	90	58	53	
1	2	4	6	8	
2381	6	12
228	215
29
90	39	88	41	100	
1	2	4	5	7	
2422	5	10
146	158
30
89	51	83	77	4	
1	3	4	5	6	
2547	8	16
139	182
31
99	91	61	55	6	
2	4	5	6	7	
2604	8	16
109	43
32
77	60	49	85	84	
1	2	4	5	6	
2607	9	18
127	223
33
65	18	15	99	83	
1	3	4	5	7	
2721	8	16
236	65
34
11	28	18	34	49	
1	3	5	6	8	
2796	6	12
247	170
35
39	60	45	99	12	
2	4	6	7	8	
2860	5	10
137	189
36
83	49	44	21	100	
1	3	4	6	8	
3247	7	14
115	65
37
95	94	7	11	25	
2	3	5	7	9	
3275	5	10
140	230
38
7	10	30	57	78	
2	3	5	6	8	
3301	8	16
43	55
39
97	91	75	57	68	
1	3	4	5	6	
3374	8	16
187	65
40
51	15	13	97	86	
2	4	5	7	8	
3379	5	10
290	110
41
60	22	60	40	48	
2	4	5	6	8	
3489	8	16
133	117
42
48	83	22	74	6	
1	3	5	6	7	
3531	7	14
219	31
43
66	13	34	67	86	
2	3	4	6	7	
3591	10	20
233	100
44
90	96	43	54	6	
2	3	4	5	6	
3709	5	10
296	264
45
27	72	54	92	34	
2	4	6	7	8	
3750	8	16
137	265
46
14	83	15	26	97	
2	4	6	8	9	
3787	8	16
199	224
47
98	84	80	35	73	
1	3	5	6	7	
3951	7	14
157	240
48
85	18	44	63	59	
2	4	5	7	8	
4007	8	16
120	32
49
94	28	19	78	37	
1	2	3	4	5	
4031	8	16
224	250
50
8	27	22	23	62	
2	3	4	6	8	
4241	9	18
126	201
51
56	88	29	12	25	
1	3	5	6	8	
4295	10	20
135	149
52
72	20	4	70	32	
1	2	3	5	6	
4392	5	10
292	100
53
16	9	29	37	53	
2	4	6	8	10	
4480	5	10
77	217
54
16	32	45	20	98	
1	2	3	4	5	
4521	6	12
266	237
55
96	23	88	44	20	
2	3	5	6	8	
4669	9	18
200	300
56
7	85	28	76	38	
2	3	5	6	8	
4694	8	16
276	222
57
14	92	13	18	68	
1	3	4	5	6	
4707	5	10
293	151
58
80	54	50	35	86	
2	3	5	7	8	
4765	10	20
253	98
59
68	90	35	87	70	
1	2	4	6	8	
4766	10	20
69	197
60
82	16	99	96	7	
2	3	4	5	6	
4917	10	20
133	10
61
2	48	62	21	99	
2	3	5	6	7	
4944	6	12
217	169
62
71	13	64	97	74	
2	4	5	6	8	
5050	10	20
55	181
63
46	74	65	64	84	
1	2	4	5	7	
5233	8	16
104	270
64
27	45	2	23	79	
2	3	5	6	8	
5303	7	14
12	168
65
83	46	24	37	85	
2	3	5	7	8	
5524	8	16
33	158
66
93	89	51	92	33	
1	2	3	5	6	
5560	6	12
209	13
67
42	25	73	86	78	
2	4	6	7	8	
5789	7	14
53	72
68
90	100	13	94	22	
1	2	3	4	6	
5860	6	12
293	18
69
10	9	48	45	15	
2	4	6	7	8	
5882	5	10
65	131
70
23	69	50	22	3	
1	2	4	6	7	
6104	6	12
249	14
71
9	25	46	15	5	
2	3	4	6	8	
6115	8	16
143	74
72
42	56	1	34	95	
2	3	5	6	8	
6421	8	16
94	115
73
53	7	31	70	55	
1	3	4	5	7	
6845	5	10
286	1
74
38	88	86	73	84	
2	4	5	6	8	
6912	5	10
55	157
75
75	59	95	92	17	
2	4	6	8	10	
6986	9	18
154	37
76
93	54	9	98	62	
1	2	4	6	7	
7035	7	14
237	95
77
76	38	58	54	56	
2	3	5	6	7	
7083	6	12
85	91
78
80	34	75	37	85	
2	3	4	5	7	
7186	8	16
86	109
79
61	58	84	31	98	
2	4	5	7	9	
7424	10	20
186	284
80
52	26	82	36	39	
1	3	5	7	8	
7430	5	10
162	149
81
97	73	91	25	49	
2	3	5	6	7	
7984	9	18
42	115
82
67	94	21	28	38	
2	4	5	6	7	
7988	9	18
268	104
83
67	75	26	25	57	
1	3	5	6	7	
7999	5	10
146	19
84
100	71	36	29	87	
1	3	5	7	9	
8028	8	16
109	122
85
94	60	17	3	29	
1	3	5	6	8	
8086	7	14
112	92
86
48	19	61	86	3	
2	3	4	6	7	
8383	5	10
53	253
87
30	15	82	57	35	
1	3	5	7	8	
8567	6	12
287	157
88
77	48	99	2	79	
2	3	5	7	9	
8792	7	14
163	214
89
29	11	75	9	56	
2	4	5	7	9	
8992	5	10
158	115
257	22
17	122