90	5	4000	14
0
49	3	68	91	67	
1	3	5	6	8	
194	6	12
223	290
1
33	49	50	12	84	
2	4	6	8	9	
265	10	20
152	251
2
59	25	75	73	78	
2	3	5	7	9	
309	10	20
146	51
3
27	44	87	73	70	
2	4	6	7	9	
427	9	18
165	275
4
34	100	75	21	54	
1	3	5	6	8	
449	7	14
228	234
5
23	70	57	99	40	
2	4	6	8	10	
538	8	16
9	59
6
72	80	1	7	57	
1	3	5	6	7	
711	10	20
120	102
7
86	9	33	29	48	
2	3	4	5	6	
829	6	12
153	266
8
66	38	7	65	31	
2	3	4	5	6	
832	8	16
8	127
9
13	56	39	77	69	
2	3	4	6	8	
882	7	14
28	53
10
53	21	88	9	74	
1	2	3	4	5	
903	6	12
121	159
11
62	100	54	91	61	
2	4	6	7	8	
922	8	16
218	11
12
55	35	61	3	2	
1	3	4	5	7	
1038	8	16
121	215
13
44	90	45	55	4	
2	4	5	6	8	
1236	10	20
106	247
14
17	39	73	90	31	
1	3	4	6	8	
1270	10	20
166	223
15
9	58	14	80	45	
1	2	4	6	8	
1271	10	20
194	200
16
73	27	4	56	83	
2	4	5	6	8	
1284	6	12
51	32
17
74	87	22	63	14	
2	3	4	5	6	
1427	5	10
91	141
18
43	76	75	79	45	
1	2	4	6	7	
1635	8	16
11	2
19
19	44	42	59	49	
1	2	3	4	6	
2041	10	20
76	174
20
18	50	63	90	97	
2	4	5	7	9	
2070	5	10
101	128
21
25	27	83	98	86	
1	2	4	5	6	
2170	6	12
83	188
22
70	10	95	3	45	
2	4	5	7	9	
2184	9	18
269	119
23
22	58	49	45	91	
2	4	6	7	9	
2195	8	16
196	121
24
54	12	22	59	22	
1	2	3	5	6	
2275	8	16
24	37
25
55	27	97	52	44	
1	2	3	4	5	
2329	10	20
192	213
26
13	38	99	46	50	
1	2	4	5	6	
2456	5	10
279	81
27
38	66	32	51	76	
1	3	5	7	8	
2495	8	16
150	45
28
35	75	73	14	94	
1	2	3	5	6	
2694	6	12
100	284
29
18	83	52	1	8	
1	2	3	5	7	
2711	6	12
161	193
30
79	33	77	29	95	
2	4	6	7	8	
2768	6	12
81	252
31
66	69	76	18	29	
1	3	5	6	8	
2802	8	16
192	177
32
8	36	76	50	20	
2	3	5	6	8	
2964	8	16
135	134
33
76	65	92	32	85	
2	4	5	7	9	
3047	9	18
49	50
34
45	48	64	8	89	
2	4	5	6	8	
3123	9	18
128	116
35
95	94	68	3	40	
2	4	6	8	9	
3230	8	16
157	50
36
56	24	86	95	27	
1	2	3	5	7	
3561	10	20
203	41
37
42	75	26	47	98	
2	3	4	6	8	
3739	9	18
97	240
38
60	78	48	40	91	
2	4	6	8	10	
3785	10	20
122	168
39
88	7	88	82	98	
2	3	4	5	7	
3877	10	20
119	216
40
33	7	50	21	33	
2	4	5	7	8	
3920	10	20
215	296
41
59	98	97	91	62	
1	3	4	5	6	
3927	8	16
258	1
42
69	6	77	95	30	
1	3	4	5	7	
3928	6	12
90	86
43
29	82	30	43	69	
1	2	4	6	7	
3943	5	10
53	281
44
4	11	11	2	42	
2	4	5	7	9	
3979	10	20
70	149
45
3	88	29	89	95	
2	3	5	6	7	
4130	6	12
262	196
46
52	21	80	52	93	
2	4	6	8	10	
4152	6	12
238	224
47
14	25	85	2	41	
2	4	5	6	7	
4174	6	12
111	186
48
66	20	12	12	11	
2	4	6	7	9	
4248	8	16
194	177
49
81	24	42	99	43	
1	3	5	7	8	
4369	6	12
220	68
50
44	27	82	77	33	
2	3	4	6	8	
4434	10	20
62	257
51
10	71	28	83	59	
1	3	4	6	7	
4495	7	14
64	261
52
65	37	49	82	11	
1	3	5	6	8	
4677	5	10
292	124
53
44	88	87	42	10	
2	4	6	7	9	
4780	7	14
216	131
54
65	37	39	53	30	
2	4	6	8	10	
4903	8	16
119	214
55
17	48	75	95	52	
2	3	4	5	7	
5047	8	16
16	71
56
2	77	54	29	70	
1	2	3	4	5	
5051	10	20
66	36
57
40	90	68	33	12	
1	3	5	7	9	
5095	10	20
43	96
58
91	58	49	42	32	
1	3	4	5	6	
5290	7	14
155	253
59
62	98	91	21	93	
1	3	5	6	7	
5322	6	12
255	266
60
38	65	57	70	85	
1	3	4	6	8	
5652	8	16
135	119
61
4	45	54	30	43	
2	3	5	7	9	
6027	7	14
82	99
62
67	48	16	74	88	
2	3	4	6	8	
6169	6	12
211	41
63
32	67	43	87	54	
2	4	6	7	8	
6474	5	10
153	13
64
62	3	74	67	23	
2	4	6	8	10	
6516	9	18
0	96
65
72	46	93	99	91	
1	2	3	5	6	
6550	10	20
129	47
66
73	61	17	100	43	
2	4	5	6	8	
6621	7	14
94	226
67
81	31	79	5	49	
2	4	5	6	8	
6788	9	18
240	247
68
74	73	54	98	63	
2	4	5	6	8	
6905	5	10
100	118
69
70	7	84	99	11	
2	3	4	5	6	
7053	6	12
291	165
70
100	62	9	93	44	
2	4	6	8	10	
7208	7	14
175	43
71
4	7	56	14	32	
1	2	3	5	7	
7270	8	16
197	170
72
31	52	96	67	47	
2	4	5	6	7	
7443	6	12
204	138
73
84	37	30	93	6	
2	3	5	7	8	
7463	8	16
274	43
74
72	18	96	71	13	
1	2	4	6	7	
7567	9	18
95	87
75
68	23	97	97	69	
2	3	5	7	8	
7569	7	14
248	49
76
71	75	43	83	85	
2	4	6	8	9	
7632	6	12
87	33
77
68	25	88	16	21	
1	3	4	5	7	
8048	9	18
68	203
78
90	61	93	12	77	
2	4	5	6	7	
8169	6	12
235	294
79
78	67	66	98	16	
2	3	4	6	7	
8321	8	16
8	15
80
29	46	13	66	88	
2	4	6	8	10	
8414	6	12
87	4
81
40	8	39	57	48	
1	3	5	7	8	
8431	9	18
236	241
82
69	81	88	51	9	
2	4	6	7	9	
8507	6	12
139	185
83
25	89	34	100	83	
1	3	5	7	9	
8571	10	20
91	218
84
53	82	17	93	83	
2	3	4	6	7	
8597	9	18
194	246
85
13	16	58	45	73	
2	3	5	7	8	
8646	9	18
101	30
86
73	88	43	50	26	
1	3	4	6	7	
8739	6	12
104	201
87
81	44	44	92	73	
2	3	5	6	7	
8741	9	18
73	224
88
78	89	26	45	43	
1	2	3	4	5	
8938	7	14
141	282
89
2	19	25	80	71	
1	2	4	6	7	
8952	6	12
195	20
148	271
55	31