90	5	4000	15
0
32	1	99	84	40	
2	3	5	6	7	
8	7	14
32	77
1
22	28	84	64	2	
1	2	4	6	7	
74	5	10
108	139
2
49	81	40	25	51	
2	4	5	6	7	
344	6	12
176	214
3
87	75	17	96	93	
2	3	4	6	8	
548	7	14
96	154
4
1	22	33	19	96	
2	3	4	5	6	
799	10	20
178	251
5
54	50	33	83	29	
1	3	4	6	8	
822	6	12
128	38
6
97	88	44	75	45	
1	3	5	6	7	
1159	7	14
238	108
7
33	63	55	95	94	
1	2	3	5	6	
1689	5	10
156	48
8
93	48	84	67	44	
2	4	5	7	8	
1807	10	20
286	230
9
68	64	51	71	25	
1	3	4	5	6	
1855	6	12
185	258
10
42	66	32	45	45	
2	3	5	7	9	
1987	5	10
275	263
11
32	15	88	58	46	
2	3	4	6	7	
2007	5	10
54	65
12
46	34	29	24	34	
2	4	6	8	9	
2034	6	12
57	195
13
7	47	96	42	86	
1	3	4	5	6	
2145	6	12
36	2
14
85	4	47	49	71	
2	3	4	5	7	
2162	9	18
269	30
15
55	20	70	14	63	
2	3	5	7	9	
2179	5	10
57	214
16
65	21	80	10	58	
1	3	5	7	8	
2199	5	10
96	272
17
55	95	86	29	86	
2	3	5	7	8	
2211	5	10
245	289
18
41	47	85	71	22	
1	3	4	5	7	
2440	6	12
279	10
19
75	50	54	84	93	
1	2	4	5	7	
2643	8	16
66	293
20
8	24	51	95	58	
1	3	4	6	7	
2674	7	14
149	8
21
70	42	4	69	70	
1	3	5	6	7	
2708	6	12
251	252
22
26	2	15	97	83	
2	3	5	7	8	
2709	8	16
270	180
23
52	66	70	17	30	
1	3	5	6	7	
2805	5	10
194	19
24
70	43	37	63	93	
1	3	4	5	6	
3127	10	20
184	74
25
100	28	85	95	57	
2	4	6	8	9	
3185	10	20
145	226
26
25	17	88	76	8	
1	2	3	5	6	
3215	9	18
93	171
27
95	39	67	52	45	
2	4	5	6	8	
3229	6	12
27	49
28
11	17	57	86	71	
2	4	5	7	9	
3300	6	12
35	259
29
52	9	27	69	99	
2	3	4	6	8	
3416	7	14
133	297
30
40	100	23	68	90	
1	2	4	5	7	
3698	9	18
270	72
31
4	63	27	57	55	
2	3	5	7	8	
3886	5	10
58	84
32
70	80	11	75	38	
1	2	3	5	6	
3940	10	20
34	40
33
95	72	93	78	51	
1	3	4	5	6	
4013	8	16
65	35
34
83	78	24	59	48	
1	2	3	5	6	
4027	7	14
197	285
35
24	1	15	68	79	
2	3	5	6	7	
4096	9	18
246	39
36
19	24	50	34	27	
1	2	4	6	8	
4298	8	16
213	62
37
18	8	46	58	5	
1	3	4	5	6	
4306	6	12
1	278
38
42	32	50	78	34	
2	3	4	6	8	
4430	10	20
252	118
39
71	56	4	41	9	
2	3	5	6	7	
4532	5	10
36	279
40
41	13	96	13	4	
1	3	5	7	8	
4684	9	18
25	151
41
95	63	31	1	58	
1	2	4	5	6	
4774	7	14
7	221
42
94	13	48	11	49	
1	2	3	4	6	
4971	9	18
188	47
43
95	25	49	43	11	
2	4	6	8	9	
5285	7	14
62	26
44
60	80	9	29	8	
1	2	3	4	5	
5348	9	18
282	50
45
45	47	79	51	19	
1	2	3	5	6	
5490	6	12
243	73
46
47	71	59	46	80	
1	2	4	5	7	
5499	5	10
297	184
47
59	9	99	37	25	
2	4	5	7	9	
5544	6	12
28	33
48
100	51	48	67	43	
1	2	4	6	8	
5563	8	16
61	146
49
43	82	70	47	15	
2	4	6	8	9	
5640	6	12
2	293
50
75	88	45	87	77	
2	3	4	6	7	
5642	6	12
237	112
51
4	77	97	12	35	
1	2	3	4	5	
5727	6	12
50	175
52
10	91	56	25	47	
2	4	6	8	9	
5752	10	20
189	209
53
25	29	75	63	77	
2	3	4	6	8	
5952	7	14
26	115
54
100	60	46	98	84	
1	2	3	4	5	
6129	7	14
75	100
55
63	57	21	81	57	
1	2	3	5	6	
6132	7	14
3	1
56
99	57	22	99	94	
1	2	4	5	7	
6156	8	16
144	143
57
53	13	34	11	67	
1	3	5	7	9	
6252	10	20
217	237
58
71	81	92	88	85	
2	4	5	7	8	
6332	6	12
33	58
59
53	47	58	25	73	
1	2	4	5	6	
6385	5	10
161	213
60
77	46	47	26	70	
1	2	4	6	8	
6517	5	10
234	67
61
31	90	66	31	51	
1	3	5	7	8	
6554	8	16
122	144
62
75	77	29	89	20	
1	2	4	5	6	
6620	7	14
10	176
63
6	49	42	46	49	
2	3	5	7	9	
6707	10	20
215	219
64
59	62	86	96	8	
1	2	4	6	7	
6769	9	18
60	30
65
32	67	75	24	98	
1	2	3	5	7	
6865	8	16
227	215
66
85	88	25	45	14	
2	3	5	7	8	
6929	7	14
93	121
67
45	8	81	99	16	
2	4	6	8	10	
6942	10	20
40	91
68
24	47	91	16	10	
2	3	4	5	7	
6943	7	14
186	106
69
79	68	83	8	84	
1	2	3	4	5	
7194	5	10
126	166
70
30	62	5	53	65	
2	3	5	7	8	
7240	7	14
297	82
71
20	6	84	41	82	
2	3	5	6	7	
7295	6	12
206	14
72
51	27	5	21	27	
2	4	5	7	9	
7302	7	14
30	22
73
97	18	26	45	37	
1	2	4	5	7	
7658	8	16
232	36
74
29	15	83	12	13	
2	4	5	6	8	
7662	7	14
34	33
75
29	52	62	77	99	
2	3	4	6	8	
7779	6	12
244	249
76
43	32	65	93	60	
1	3	5	7	9	
7786	6	12
167	123
77
36	98	7	15	87	
2	4	5	6	7	
7799	9	18
127	144
78
63	51	37	86	24	
1	3	4	6	8	
7832	8	16
113	48
79
50	79	14	35	75	
1	2	4	5	7	
7843	9	18
41	26
80
25	29	62	76	59	
1	3	4	6	8	
8103	8	16
0	225
81
60	5	67	94	7	
1	3	4	5	7	
8122	9	18
289	42
82
86	33	90	76	51	
1	2	3	5	6	
8141	7	14
299	15
83
97	71	63	55	66	
2	4	6	8	10	
8209	7	14
78	173
84
99	43	76	72	89	
2	4	6	7	9	
8302	8	16
89	225
85
29	88	46	64	7	
2	4	5	6	7	
8410	6	12
253	141
86
59	89	79	31	17	
2	4	6	8	9	
8525	7	14
53	115
87
11	52	91	1	57	
1	3	5	7	8	
8746	5	10
164	54
88
32	6	57	43	24	
2	4	5	7	9	
8824	6	12
47	3
89
15	8	58	85	38	
2	3	5	7	8	
8882	6	12
140	41
53	228
236	107