90	5	4000	11
0
50	75	86	53	83	
2	3	4	6	7	
163	8	16
237	255
1
67	76	42	80	39	
1	3	4	6	7	
192	8	16
178	228
2
26	23	39	7	20	
1	3	5	7	8	
218	7	14
168	212
3
54	67	58	75	94	
2	3	4	5	7	
489	9	18
44	23
4
72	19	16	81	41	
1	3	4	5	6	
517	8	16
283	216
5
32	82	60	49	5	
2	4	5	7	9	
714	7	14
180	214
6
50	47	58	13	79	
2	4	5	7	8	
824	6	12
240	42
7
38	50	93	67	12	
1	2	4	6	7	
1006	10	20
65	58
8
75	8	24	71	85	
2	3	4	6	8	
1108	9	18
53	223
9
68	19	68	85	63	
2	3	4	6	7	
1250	5	10
81	99
10
52	82	24	5	12	
1	3	5	6	8	
1269	7	14
122	164
11
86	83	28	12	37	
1	3	5	6	7	
1276	7	14
275	173
12
36	99	55	99	38	
2	3	4	5	6	
1370	10	20
166	140
13
54	16	97	30	26	
2	4	5	6	7	
1438	8	16
287	288
14
36	73	89	16	59	
1	2	3	4	6	
1553	9	18
116	25
15
39	42	89	16	78	
1	3	5	6	8	
1676	8	16
132	54
16
64	75	100	34	55	
2	4	5	7	9	
1951	7	14
133	206
17
49	91	87	84	2	
1	2	3	4	5	
1961	10	20
273	161
18
94	80	58	65	46	
1	3	5	7	9	
1981	6	12
115	189
19
18	24	37	4	14	
1	3	5	7	9	
2082	7	14
66	22
20
92	61	50	93	31	
1	3	5	6	8	
2219	8	16
42	4
21
88	91	13	93	62	
1	3	5	6	7	
2427	10	20
8	278
22
47	19	74	74	94	
2	3	5	6	7	
2535	9	18
60	145
23
47	65	4	2	96	
1	2	3	4	6	
2550	10	20
43	100
24
34	90	95	38	4	
2	4	5	7	9	
2624	6	12
111	294
25
92	59	23	1	81	
1	3	4	5	7	
2738	6	12
168	133
26
94	68	10	3	37	
2	4	5	7	9	
2939	7	14
297	166
27
12	67	4	22	38	
1	3	4	5	7	
2991	6	12
165	283
28
75	48	71	75	72	
1	3	5	6	7	
3027	5	10
201	217
29
87	24	6	52	8	
1	3	5	7	8	
3047	7	14
42	92
30
91	52	12	11	81	
1	3	4	5	6	
3082	5	10
280	1
31
46	88	91	79	31	
1	3	5	7	9	
3343	10	20
166	182
32
13	21	61	73	43	
2	3	4	5	6	
3389	9	18
58	187
33
90	59	78	31	21	
1	3	5	7	9	
3501	5	10
171	55
34
78	65	87	18	23	
1	2	4	5	7	
3780	6	12
255	233
35
30	13	82	26	30	
1	3	4	6	8	
3879	10	20
109	139
36
88	4	17	4	57	
2	4	5	7	8	
3895	8	16
298	226
37
48	7	92	48	18	
2	3	4	6	8	
3993	10	20
253	136
38
46	69	52	75	33	
2	3	4	5	7	
4223	10	20
277	166
39
61	6	33	59	36	
1	2	3	4	5	
4310	7	14
60	88
40
8	27	84	23	18	
2	4	5	7	8	
4357	9	18
210	259
41
19	94	4	73	71	
2	4	5	6	8	
4409	9	18
265	116
42
61	77	93	71	30	
2	3	5	7	8	
4457	10	20
133	85
43
12	19	34	77	96	
2	4	5	6	8	
4459	8	16
72	144
44
78	27	84	23	43	
1	2	3	5	6	
4520	5	10
291	276
45
28	12	49	92	72	
1	3	5	6	7	
4633	7	14
284	219
46
52	79	3	42	36	
1	2	4	6	8	
4660	10	20
221	42
47
63	17	92	76	85	
2	3	5	7	9	
4773	7	14
254	123
48
7	28	79	19	16	
1	3	5	6	8	
4782	10	20
23	166
49
41	51	98	68	84	
2	4	6	7	8	
4995	10	20
168	273
50
6	22	74	28	12	
2	4	6	8	10	
5152	7	14
221	286
51
41	41	66	88	78	
1	3	5	7	9	
5226	5	10
196	146
52
24	36	26	3	73	
2	3	4	6	7	
5316	6	12
64	23
53
22	99	69	19	35	
1	2	3	4	6	
5372	5	10
50	144
54
86	41	98	8	61	
1	3	5	7	8	
5401	8	16
101	137
55
87	46	30	77	7	
1	2	3	5	6	
5875	10	20
217	80
56
76	29	80	7	81	
1	2	3	5	7	
6013	7	14
294	7
57
83	8	57	99	33	
1	2	3	5	6	
6041	9	18
111	160
58
96	16	25	41	92	
1	2	3	5	7	
6093	8	16
256	191
59
38	44	24	2	20	
1	3	5	6	7	
6098	9	18
159	176
60
90	34	88	72	14	
2	4	5	6	8	
6229	8	16
111	289
61
27	41	18	70	59	
2	4	5	7	8	
6295	6	12
213	94
62
75	24	97	25	98	
1	3	5	7	9	
6395	8	16
232	90
63
35	43	75	74	71	
1	2	4	6	8	
6494	8	16
43	223
64
33	47	33	9	44	
2	3	4	5	6	
6527	5	10
250	127
65
48	20	58	4	97	
1	2	3	5	6	
6593	6	12
175	122
66
34	32	13	55	48	
2	4	5	6	7	
6615	9	18
244	207
67
37	30	62	60	57	
1	3	4	5	6	
6667	6	12
66	84
68
85	75	52	43	87	
1	2	3	4	6	
7042	7	14
268	58
69
79	35	18	83	22	
1	3	4	5	6	
7166	5	10
48	281
70
93	86	89	91	46	
1	3	4	6	8	
7168	10	20
12	234
71
89	45	47	18	14	
1	3	5	6	7	
7171	9	18
116	130
72
92	36	90	26	42	
2	3	4	6	7	
7177	8	16
192	58
73
18	78	11	82	7	
1	2	4	6	8	
7201	6	12
276	145
74
53	59	75	71	99	
1	3	4	5	6	
7420	8	16
287	133
75
6	58	58	81	61	
2	3	5	7	9	
7530	8	16
136	12
76
37	28	4	66	10	
1	3	4	5	7	
7535	9	18
196	6
77
70	55	41	23	37	
1	2	4	5	6	
7622	7	14
115	226
78
36	87	16	70	87	
2	4	5	6	7	
7745	6	12
98	134
79
3	80	55	1	77	
2	4	6	7	8	
8085	6	12
18	294
80
9	4	75	39	78	
1	2	3	5	7	
8249	8	16
45	244
81
66	30	73	2	94	
2	4	6	7	9	
8309	10	20
6	238
82
75	58	55	99	11	
1	2	3	4	6	
8495	10	20
61	193
83
22	31	27	84	73	
1	2	4	6	7	
8578	6	12
65	279
84
82	24	51	98	91	
1	3	5	6	7	
8733	8	16
41	185
85
45	87	79	11	82	
1	2	4	6	8	
8757	9	18
83	131
86
1	26	56	53	16	
1	2	4	5	7	
8772	8	16
3	235
87
67	47	44	61	76	
2	4	6	7	8	
8810	8	16
241	65
88
51	50	12	91	59	
2	3	4	6	8	
8874	7	14
149	32
89
64	87	64	98	73	
2	3	4	5	7	
8949	10	20
187	201
199	275
73	112