90	5	4000	5
0
73	8	83	26	88	
1	2	4	6	8	
47	6	12
254	208
1
45	99	85	6	43	
2	3	4	6	8	
237	10	20
95	175
2
84	94	95	37	16	
2	3	4	5	7	
541	6	12
17	173
3
31	37	96	85	45	
1	2	4	6	8	
728	10	20
96	19
4
67	66	32	64	52	
2	3	4	5	6	
800	5	10
294	98
5
55	4	60	48	59	
2	4	5	6	8	
807	9	18
257	120
6
99	25	15	13	31	
2	3	5	6	8	
869	10	20
226	72
7
63	70	4	11	31	
1	3	4	5	6	
926	5	10
117	37
8
16	85	44	4	38	
2	3	5	7	8	
981	8	16
16	29
9
29	48	76	64	58	
1	2	3	5	6	
1015	8	16
176	261
10
15	35	51	80	18	
2	3	4	6	7	
1137	5	10
135	280
11
52	82	88	85	43	
1	2	4	6	8	
1165	5	10
223	167
12
70	72	97	96	24	
2	3	5	7	9	
1195	6	12
106	47
13
67	21	75	9	83	
1	3	4	6	8	
1252	6	12
31	147
14
8	78	98	85	63	
2	3	4	5	7	
1272	5	10
33	55
15
95	93	56	16	75	
2	4	6	8	9	
1329	8	16
82	126
16
94	35	14	31	52	
1	2	4	6	7	
1394	9	18
23	186
17
56	30	37	62	26	
2	4	5	7	8	
1604	6	12
170	172
18
92	65	19	97	13	
2	4	5	6	8	
1606	10	20
73	253
19
1	71	54	46	30	
2	3	4	5	7	
1658	7	14
105	174
20
10	49	56	35	100	
2	4	6	7	8	
1675	6	12
176	165
21
60	19	3	11	58	
1	2	4	5	6	
1767	6	12
84	123
22
6	12	54	32	91	
2	4	5	6	7	
1812	10	20
90	55
23
53	84	89	95	5	
1	3	4	5	6	
1845	6	12
78	276
24
97	76	31	17	20	
1	2	4	5	6	
1929	6	12
206	88
25
89	3	5	66	89	
1	3	5	7	9	
1969	8	16
208	112
26
17	68	21	44	53	
1	3	4	5	7	
2094	6	12
273	124
27
34	4	69	35	10	
2	3	5	6	8	
2159	8	16
241	276
28
66	39	74	66	70	
1	2	4	6	8	
2170	7	14
98	293
29
90	59	69	10	38	
1	2	3	5	7	
2322	9	18
263	188
30
57	45	57	27	69	
2	4	5	7	8	
2361	8	16
34	257
31
6	54	20	53	63	
2	3	4	6	7	
2503	9	18
50	104
32
25	68	58	91	43	
1	2	3	5	6	
2557	9	18
86	157
33
88	30	28	48	8	
2	4	6	8	9	
2763	7	14
64	23
34
25	4	72	64	54	
1	2	3	5	6	
2771	9	18
38	182
35
31	6	19	68	62	
1	3	5	7	8	
2995	9	18
107	70
36
53	69	85	47	98	
1	3	5	7	8	
2996	7	14
285	199
37
4	15	82	12	96	
1	3	4	5	6	
3142	9	18
70	270
38
80	4	100	12	53	
1	2	3	5	6	
3178	9	18
149	198
39
78	74	38	7	64	
1	3	5	6	8	
3195	6	12
199	95
40
40	61	24	21	29	
2	4	5	6	8	
3291	6	12
165	18
41
2	36	77	34	41	
1	2	3	5	7	
3345	5	10
251	177
42
47	47	88	51	38	
2	3	5	6	8	
3388	8	16
93	53
43
89	52	97	15	60	
2	4	5	7	9	
3486	9	18
237	300
44
75	91	10	87	24	
1	3	4	6	8	
3665	10	20
190	58
45
15	15	59	85	32	
2	3	5	7	9	
3747	8	16
140	40
46
97	99	12	50	63	
1	2	4	5	7	
3796	9	18
71	115
47
40	14	92	92	13	
1	2	4	6	8	
3815	8	16
240	62
48
13	2	78	94	29	
1	3	4	5	6	
3821	5	10
143	160
49
67	4	61	46	20	
1	2	3	5	6	
4093	8	16
237	14
50
66	93	65	21	87	
1	2	3	5	7	
4150	10	20
148	294
51
8	56	9	79	32	
1	3	4	6	7	
4250	7	14
295	165
52
84	86	11	16	32	
2	4	5	6	7	
4274	8	16
257	235
53
71	98	70	72	15	
1	3	4	6	8	
4318	10	20
79	90
54
27	61	35	13	91	
1	2	3	5	6	
4453	6	12
92	295
55
37	89	28	38	45	
1	2	4	5	6	
4667	5	10
103	46
56
79	74	79	85	88	
1	3	4	5	7	
4811	8	16
262	11
57
59	42	16	98	73	
1	2	4	5	6	
4993	9	18
295	240
58
90	14	49	84	33	
1	2	4	5	7	
5128	8	16
123	97
59
42	59	50	75	94	
2	3	5	7	8	
5253	8	16
225	110
60
40	6	30	54	19	
1	2	3	5	6	
5385	5	10
190	54
61
62	95	25	17	80	
1	3	4	6	7	
5432	8	16
267	165
62
19	39	8	41	70	
2	3	5	7	9	
5445	9	18
289	299
63
58	85	18	68	11	
1	2	3	5	7	
5662	10	20
98	59
64
4	97	57	62	43	
1	2	4	5	6	
5844	10	20
12	180
65
38	32	49	73	15	
2	4	5	6	8	
6384	9	18
201	268
66
60	76	74	30	97	
2	4	6	7	9	
6420	7	14
207	62
67
77	92	59	77	47	
1	2	3	5	6	
6439	9	18
118	262
68
76	66	67	49	46	
2	3	5	6	7	
6499	6	12
131	132
69
58	52	89	10	76	
1	3	4	6	8	
6512	8	16
27	163
70
27	3	71	37	8	
2	3	5	6	8	
6634	9	18
238	276
71
29	81	56	65	32	
1	2	3	4	5	
6645	9	18
77	123
72
12	42	46	9	71	
1	2	3	5	7	
7029	8	16
163	29
73
5	6	59	61	77	
2	3	5	6	8	
7094	7	14
59	59
74
6	80	43	58	10	
2	4	6	8	9	
7197	9	18
264	182
75
33	2	46	4	88	
2	3	4	5	7	
7246	7	14
145	106
76
52	52	9	6	92	
2	4	6	7	9	
7514	10	20
196	120
77
87	22	61	81	92	
1	2	4	5	6	
7597	6	12
57	162
78
20	14	70	33	55	
1	3	4	6	8	
7615	10	20
236	1
79
97	5	59	71	73	
2	3	5	6	7	
7618	10	20
218	17
80
39	69	8	55	80	
2	3	5	7	8	
7766	9	18
243	89
81
10	25	48	3	63	
2	3	4	6	7	
7908	10	20
222	12
82
84	43	17	41	98	
1	2	3	4	5	
7943	9	18
218	192
83
50	28	96	13	7	
1	2	4	5	7	
8004	6	12
218	203
84
15	60	95	65	33	
1	3	4	5	7	
8101	8	16
24	12
85
11	19	47	8	6	
1	3	4	5	6	
8565	9	18
49	143
86
72	36	78	79	26	
1	3	5	7	9	
8704	10	20
168	238
87
16	1	25	58	32	
1	3	4	6	7	
8717	5	10
300	96
88
99	49	73	51	28	
2	3	4	6	7	
8862	5	10
164	72
89
6	99	23	51	35	
2	3	5	7	9	
8899	7	14
85	216
215	212
138	227