90	5	4000	8
0
2	79	68	34	79	
1	2	4	6	8	
308	9	18
85	127
1
86	58	20	24	12	
1	2	3	5	7	
425	9	18
288	24
2
51	72	87	14	47	
1	2	3	5	6	
800	10	20
111	112
3
65	49	16	5	54	
1	3	4	6	8	
862	9	18
37	34
4
79	10	84	41	89	
2	3	5	6	8	
873	9	18
110	116
5
91	33	43	7	79	
2	3	4	6	8	
927	6	12
264	136
6
64	76	96	37	27	
1	3	4	5	6	
931	7	14
121	117
7
30	50	62	33	77	
2	4	6	8	10	
961	8	16
264	125
8
9	20	11	5	64	
1	3	4	6	8	
994	9	18
17	63
9
40	74	13	42	61	
2	4	6	7	9	
1092	6	12
73	204
10
59	8	83	56	20	
1	2	4	6	7	
1417	10	20
168	45
11
96	8	54	4	48	
2	3	4	5	7	
1494	7	14
298	246
12
39	98	61	53	73	
1	3	5	6	7	
1652	9	18
193	213
13
64	51	1	98	22	
1	3	5	6	7	
2064	7	14
3	72
14
36	65	58	4	24	
1	2	4	5	6	
2149	5	10
192	50
15
20	65	93	14	24	
1	2	4	5	6	
2167	8	16
150	23
16
54	13	27	67	92	
1	3	5	6	7	
2177	7	14
223	238
17
82	55	70	72	49	
1	3	5	6	8	
2272	8	16
152	231
18
34	22	68	53	2	
2	3	5	7	8	
2281	6	12
298	70
19
99	11	29	21	35	
1	3	5	6	8	
2305	7	14
153	54
20
77	25	93	7	64	
2	4	6	7	8	
2407	9	18
95	86
21
33	65	82	38	43	
1	2	4	5	6	
2486	6	12
91	179
22
74	33	91	99	22	
2	3	5	6	8	
2487	8	16
40	296
23
68	30	37	74	4	
2	4	6	8	10	
2559	10	20
204	39
24
72	32	69	78	48	
1	3	5	6	8	
2808	5	10
259	236
25
25	1	86	20	9	
2	3	4	5	7	
2840	6	12
112	224
26
52	19	20	36	24	
2	3	5	7	9	
2952	8	16
214	138
27
48	79	55	1	54	
1	3	4	6	8	
2977	7	14
87	211
28
31	30	53	69	56	
1	2	4	6	7	
2985	7	14
244	108
29
39	18	77	18	69	
2	4	6	8	9	
3078	9	18
19	206
30
59	59	52	100	66	
1	2	4	5	7	
3232	8	16
86	51
31
53	94	78	50	92	
1	3	5	7	9	
3244	10	20
299	47
32
82	74	11	44	91	
2	4	6	8	10	
3294	7	14
251	123
33
52	62	62	13	50	
1	3	4	5	7	
3336	9	18
191	66
34
21	18	61	23	71	
1	3	5	6	8	
3354	5	10
270	227
35
9	27	1	41	14	
2	4	5	7	8	
3363	7	14
299	141
36
87	22	52	38	95	
2	4	5	6	7	
3868	7	14
100	58
37
95	23	55	69	66	
1	2	3	4	6	
3874	6	12
220	10
38
74	9	40	39	82	
2	4	6	7	9	
4088	5	10
14	218
39
78	2	11	74	65	
2	4	5	7	9	
4160	8	16
113	240
40
57	28	35	23	19	
1	2	3	5	7	
4173	5	10
157	54
41
48	30	6	20	64	
2	4	5	6	7	
4187	7	14
285	264
42
67	43	38	49	92	
1	3	5	6	8	
4296	10	20
36	268
43
16	33	9	13	69	
2	3	5	7	9	
4524	6	12
74	128
44
100	21	22	4	76	
2	3	5	6	8	
4552	10	20
105	260
45
47	15	81	19	4	
1	3	4	5	7	
4569	8	16
84	89
46
32	85	22	59	64	
2	3	5	7	9	
4590	5	10
213	191
47
11	53	41	50	39	
1	3	4	5	6	
4612	5	10
248	292
48
44	55	85	96	17	
2	3	5	7	8	
4733	8	16
258	25
49
45	95	23	80	1	
1	2	4	6	7	
4739	7	14
177	99
50
18	57	89	28	77	
1	3	4	6	7	
4757	7	14
208	197
51
97	39	9	18	44	
2	3	5	7	9	
4930	8	16
265	230
52
14	63	63	42	60	
2	4	6	7	9	
4946	8	16
25	7
53
69	41	63	16	91	
1	2	3	5	7	
5061	6	12
274	37
54
2	19	18	11	96	
1	3	5	7	8	
5076	5	10
246	242
55
39	84	25	48	26	
1	3	4	5	7	
5232	6	12
238	217
56
13	58	9	9	74	
2	4	5	6	8	
5316	7	14
248	95
57
38	16	100	91	73	
1	2	4	6	8	
5321	8	16
184	247
58
91	1	37	37	56	
1	2	3	5	7	
5323	9	18
164	20
59
79	89	47	77	8	
2	3	5	7	9	
5354	5	10
212	188
60
86	30	73	21	96	
2	3	4	6	8	
5393	9	18
16	13
61
64	47	97	46	85	
1	2	3	5	7	
5493	9	18
89	266
62
80	58	61	50	94	
1	3	5	6	8	
5556	8	16
180	20
63
55	22	89	43	19	
2	3	5	7	8	
5752	9	18
130	122
64
36	78	81	97	90	
1	3	4	5	7	
5962	5	10
161	194
65
98	4	33	2	30	
1	3	4	5	6	
6010	9	18
79	100
66
90	84	37	87	55	
2	4	5	7	9	
6078	5	10
235	20
67
67	45	33	27	98	
1	3	4	5	7	
6215	7	14
139	104
68
67	57	94	68	20	
1	3	5	6	8	
6258	10	20
256	248
69
12	85	88	64	6	
1	2	4	5	7	
6344	8	16
0	245
70
89	91	34	93	69	
2	3	4	6	7	
6348	9	18
62	201
71
47	60	43	32	44	
2	4	5	6	8	
6358	10	20
242	67
72
13	95	30	79	71	
1	2	4	6	8	
6543	5	10
273	186
73
58	12	25	13	10	
2	4	5	6	7	
6594	6	12
250	150
74
20	87	62	30	64	
1	2	4	6	7	
6703	7	14
283	160
75
40	73	34	72	49	
1	3	4	5	6	
6742	6	12
71	175
76
75	38	15	82	11	
2	3	4	5	7	
6819	7	14
50	224
77
67	44	16	90	25	
1	3	4	6	7	
6821	7	14
230	269
78
4	81	1	56	75	
1	2	3	4	5	
6981	6	12
297	3
79
89	13	58	39	70	
2	4	6	8	9	
7237	9	18
67	83
80
16	54	60	29	75	
1	2	4	6	7	
7294	9	18
207	297
81
16	28	86	60	89	
2	3	4	5	6	
7816	6	12
262	157
82
24	62	93	89	71	
2	4	6	8	9	
8124	7	14
271	27
83
66	77	68	56	26	
2	3	4	6	7	
8132	8	16
22	242
84
92	47	89	28	40	
2	4	5	7	9	
8586	6	12
140	39
85
100	9	44	11	75	
2	4	6	8	9	
8639	10	20
253	254
86
97	64	76	31	53	
1	3	4	5	6	
8651	10	20
18	24
87
89	26	44	88	80	
2	4	5	6	8	
8723	5	10
48	125
88
79	90	40	90	27	
2	4	6	7	8	
8761	5	10
78	33
89
32	29	80	34	55	
2	3	5	7	8	
8943	7	14
106	213
129	56
168	51