90	5	4000	6
0
15	22	59	72	42	
2	3	4	5	6	
2	10	20
217	194
1
48	47	41	48	98	
2	3	5	6	8	
168	8	16
218	171
2
88	12	92	74	74	
2	3	4	5	7	
322	10	20
189	134
3
39	90	27	57	38	
2	4	6	8	9	
506	10	20
161	74
4
29	79	1	12	8	
1	3	5	7	9	
689	10	20
223	14
5
81	25	66	66	81	
1	2	4	6	7	
779	8	16
56	237
6
68	20	24	79	66	
1	2	4	6	7	
823	9	18
79	162
7
4	35	65	80	19	
2	4	5	6	8	
846	8	16
112	264
8
93	33	15	80	82	
1	3	4	5	7	
992	9	18
253	150
9
5	7	91	28	68	
1	3	5	7	9	
1073	8	16
138	201
10
34	19	90	84	8	
2	3	4	5	7	
1137	10	20
149	131
11
70	53	97	14	1	
1	2	4	6	8	
1141	6	12
73	78
12
44	2	63	88	75	
1	3	4	6	7	
1233	5	10
33	269
13
2	31	50	68	54	
1	2	4	5	6	
1284	8	16
24	12
14
61	11	61	49	17	
1	3	4	5	6	
1413	6	12
175	4
15
31	74	38	26	65	
2	4	6	8	9	
1426	7	14
202	221
16
5	18	41	72	59	
2	4	5	7	9	
1526	9	18
82	28
17
71	100	1	14	28	
2	3	5	7	9	
1566	7	14
115	175
18
25	38	42	91	68	
1	2	4	5	7	
1595	9	18
136	103
19
6	37	92	18	56	
2	4	5	6	7	
1684	8	16
275	137
20
4	79	86	59	54	
2	3	4	5	6	
1698	9	18
247	237
21
19	96	35	92	22	
1	3	5	7	9	
1802	9	18
154	137
22
97	26	15	70	92	
2	3	4	5	6	
1875	6	12
95	80
23
24	75	42	97	3	
2	4	6	8	9	
1911	8	16
108	53
24
91	97	62	78	88	
1	3	5	6	7	
1969	5	10
209	65
25
79	78	28	91	47	
1	2	3	5	6	
2003	10	20
71	45
26
91	43	44	37	85	
2	4	5	6	7	
2045	10	20
101	296
27
66	56	74	93	83	
1	3	4	5	6	
2114	9	18
21	153
28
11	40	85	8	91	
2	3	4	6	7	
2370	9	18
82	55
29
52	84	37	91	16	
1	2	4	6	8	
2435	10	20
282	10
30
71	20	27	68	29	
2	4	5	6	8	
2679	9	18
113	21
31
66	27	22	100	63	
2	3	4	6	7	
2714	6	12
184	269
32
94	85	36	21	68	
2	3	5	6	7	
2849	9	18
210	147
33
70	9	64	98	71	
1	3	5	6	8	
3017	6	12
169	246
34
90	26	17	20	91	
2	3	5	7	9	
3421	8	16
262	222
35
16	36	25	70	87	
2	3	4	6	7	
3527	6	12
262	33
36
74	2	20	59	92	
1	2	3	5	6	
3766	5	10
25	274
37
81	94	31	18	97	
2	4	5	6	7	
3791	7	14
167	174
38
89	95	49	24	65	
1	3	5	7	9	
3957	9	18
239	70
39
30	10	38	16	78	
1	3	5	7	9	
4038	5	10
240	271
40
21	59	42	95	83	
1	2	4	5	6	
4084	5	10
67	203
41
91	80	34	27	76	
2	3	5	7	8	
4251	7	14
237	195
42
28	19	16	58	26	
2	3	4	5	6	
4283	5	10
86	49
43
17	75	90	17	2	
2	3	4	5	6	
4285	7	14
241	130
44
72	63	51	70	60	
1	3	5	7	9	
4311	5	10
241	298
45
26	57	36	45	29	
2	4	6	8	9	
4546	10	20
240	144
46
46	31	31	13	18	
1	2	4	6	7	
4663	7	14
120	165
47
38	23	46	32	13	
1	2	4	6	7	
4667	10	20
25	252
48
74	78	45	74	76	
1	2	4	5	7	
4780	5	10
53	269
49
88	45	31	33	72	
2	3	4	5	7	
4860	7	14
222	1
50
98	58	7	75	29	
2	3	4	6	7	
5076	5	10
99	39
51
55	66	93	50	73	
1	3	5	6	7	
5300	8	16
133	129
52
90	12	14	100	54	
2	3	4	5	7	
5307	9	18
229	172
53
24	87	77	50	34	
2	4	5	7	8	
5459	6	12
244	30
54
91	90	52	96	8	
2	3	4	5	7	
5469	6	12
181	81
55
58	34	31	77	55	
1	3	5	6	7	
5521	10	20
122	120
56
39	35	30	79	84	
1	2	4	6	7	
5542	6	12
187	243
57
39	74	27	42	32	
2	4	6	8	9	
5727	10	20
44	270
58
25	19	2	36	30	
1	3	4	6	8	
5822	8	16
274	267
59
65	98	100	97	17	
2	4	6	8	9	
6025	6	12
132	181
60
67	3	5	6	40	
1	2	3	5	7	
6060	8	16
244	176
61
92	70	10	87	8	
2	4	6	8	10	
6123	8	16
1	133
62
69	80	9	41	2	
2	3	4	5	6	
6215	8	16
123	208
63
10	78	11	32	47	
2	4	6	7	8	
6301	5	10
197	89
64
4	44	21	42	78	
2	4	5	7	9	
6527	6	12
84	74
65
52	66	24	54	63	
1	3	4	5	6	
6637	9	18
297	168
66
83	15	71	9	58	
1	3	5	7	8	
6688	7	14
144	209
67
90	12	100	9	89	
1	3	5	7	9	
6696	6	12
171	89
68
28	48	47	44	68	
2	4	5	6	7	
6740	6	12
33	48
69
41	9	84	44	16	
1	2	3	4	6	
7165	10	20
74	83
70
85	57	16	53	41	
1	3	4	6	7	
7214	8	16
131	86
71
7	31	96	94	20	
1	2	3	4	5	
7460	6	12
28	26
72
11	75	92	27	25	
1	3	4	5	7	
7513	7	14
237	161
73
100	40	3	56	43	
1	3	4	6	8	
7607	8	16
259	54
74
82	24	19	8	80	
1	2	3	5	6	
7654	7	14
248	37
75
58	74	74	81	49	
2	3	5	6	7	
7669	7	14
189	8
76
74	41	65	63	36	
1	3	4	6	7	
7773	7	14
156	208
77
40	72	8	51	49	
1	3	4	5	7	
7833	5	10
34	173
78
40	10	43	78	44	
1	3	4	6	8	
8044	7	14
283	297
79
60	66	21	22	34	
1	2	3	5	7	
8075	5	10
202	292
80
78	29	57	65	44	
2	4	6	8	9	
8123	10	20
106	111
81
38	28	13	19	39	
2	3	5	6	7	
8237	9	18
16	174
82
15	92	12	80	31	
2	3	4	6	8	
8458	9	18
123	37
83
100	19	6	47	30	
2	4	5	6	7	
8495	6	12
15	282
84
62	60	69	60	77	
2	4	6	8	9	
8524	5	10
133	88
85
91	84	55	80	88	
2	4	6	8	10	
8675	7	14
261	169
86
89	39	85	66	67	
2	4	6	8	10	
8678	9	18
279	59
87
61	27	73	83	39	
2	3	5	6	8	
8790	5	10
229	235
88
2	32	100	33	86	
2	3	4	6	8	
8819	8	16
158	297
89
44	23	38	60	12	
1	2	3	4	6	
8988	6	12
259	29
18	60
216	165