90	5	4000	9
0
12	67	6	44	42	
1	2	4	5	6	
268	9	18
168	90
1
25	76	12	15	40	
2	4	6	8	9	
343	10	20
162	6
2
89	42	10	38	21	
2	4	5	7	8	
388	8	16
220	95
3
49	83	47	66	6	
2	3	4	5	6	
389	5	10
215	101
4
73	84	91	58	81	
1	3	4	5	6	
470	10	20
43	173
5
87	9	9	91	14	
1	3	5	7	9	
668	7	14
292	76
6
79	41	92	83	17	
1	2	4	6	8	
675	9	18
101	49
7
98	38	48	10	97	
2	3	5	6	7	
712	9	18
40	22
8
92	66	53	27	100	
2	3	5	7	8	
764	6	12
282	180
9
85	6	13	73	16	
2	4	6	8	10	
764	5	10
37	285
10
95	76	2	67	30	
2	4	6	8	10	
910	5	10
164	47
11
68	87	64	90	26	
2	3	4	5	6	
933	10	20
158	299
12
83	44	91	72	39	
1	3	4	6	8	
1243	7	14
84	46
13
27	45	91	100	92	
2	4	6	7	9	
1359	10	20
169	74
14
11	83	79	48	54	
1	2	3	4	6	
1423	7	14
6	117
15
57	81	94	96	96	
2	4	5	6	8	
1446	7	14
275	148
16
18	59	27	39	11	
2	4	5	6	8	
1565	10	20
166	159
17
21	90	9	73	55	
2	4	5	7	9	
1600	10	20
235	203
18
38	19	91	98	63	
1	2	3	5	7	
1804	10	20
93	149
19
76	69	43	11	83	
2	3	5	6	7	
1917	5	10
74	41
20
4	69	59	31	84	
2	3	5	6	7	
1961	6	12
94	204
21
44	86	100	13	47	
2	4	6	8	9	
2281	8	16
164	178
22
29	49	69	36	53	
1	3	4	6	8	
2318	8	16
12	279
23
91	50	12	17	62	
2	3	5	6	8	
2478	9	18
285	237
24
26	14	32	100	88	
1	2	4	5	7	
2535	8	16
10	100
25
21	89	5	74	98	
2	3	5	7	9	
2586	10	20
12	215
26
67	94	70	55	66	
1	2	4	6	7	
2587	9	18
76	90
27
7	84	10	61	16	
2	4	5	7	9	
2631	5	10
221	59
28
20	44	32	62	48	
2	4	5	7	8	
3019	9	18
217	95
29
47	11	32	3	16	
2	3	4	5	7	
3047	7	14
92	277
30
43	98	51	78	2	
1	2	3	5	7	
3206	6	12
245	174
31
67	5	89	62	82	
2	3	4	5	7	
3348	10	20
35	188
32
1	59	89	30	80	
2	4	6	7	8	
3446	5	10
218	259
33
96	82	52	42	71	
2	4	5	7	8	
3463	5	10
227	66
34
38	97	85	85	88	
1	3	5	7	8	
3578	8	16
49	131
35
12	25	65	5	85	
2	3	4	5	6	
3656	9	18
86	125
36
65	18	39	71	33	
1	2	4	5	6	
3796	10	20
253	31
37
99	9	67	33	33	
2	4	5	6	8	
3806	7	14
147	250
38
36	84	53	4	11	
1	3	5	6	7	
3932	8	16
106	148
39
2	98	37	46	64	
1	3	4	5	6	
3935	6	12
141	22
40
54	70	13	77	88	
2	4	6	7	9	
3952	9	18
296	151
41
64	8	46	94	1	
1	3	5	7	9	
4167	10	20
138	122
42
95	98	79	69	19	
2	4	6	8	9	
4304	5	10
257	294
43
43	59	63	58	77	
2	3	5	6	7	
4555	8	16
271	7
44
19	74	34	30	18	
2	4	6	7	9	
4684	5	10
259	50
45
15	6	28	56	30	
1	3	5	7	9	
4723	10	20
198	123
46
90	11	51	31	52	
2	3	5	6	8	
4784	9	18
268	22
47
35	54	90	86	62	
1	2	4	5	7	
4872	5	10
94	69
48
26	33	60	98	4	
2	3	5	7	8	
4881	5	10
235	150
49
39	10	94	65	84	
1	3	4	5	7	
4894	8	16
218	102
50
37	55	71	18	21	
2	4	6	7	9	
5055	8	16
23	149
51
32	83	18	92	10	
2	4	6	7	8	
5078	8	16
3	48
52
72	66	73	96	4	
2	3	4	6	7	
5113	8	16
20	160
53
42	56	10	96	72	
2	3	4	5	6	
5207	8	16
69	170
54
26	100	71	16	59	
1	2	3	5	7	
5344	6	12
265	151
55
35	14	78	44	89	
2	4	5	6	8	
5394	9	18
83	96
56
42	53	36	86	56	
1	3	4	5	6	
5574	7	14
83	264
57
97	62	3	58	12	
1	3	5	7	8	
5803	5	10
278	272
58
26	25	90	22	32	
1	2	3	5	7	
5963	7	14
133	27
59
55	80	19	88	78	
2	4	5	7	8	
5985	8	16
292	208
60
86	60	95	92	58	
1	2	3	5	6	
6074	10	20
214	206
61
30	42	62	83	50	
2	3	4	6	8	
6160	8	16
93	163
62
29	52	48	95	31	
1	2	4	5	7	
6345	6	12
161	187
63
8	11	41	90	80	
1	3	4	5	7	
6545	7	14
127	256
64
13	61	79	53	49	
1	3	5	7	9	
6558	8	16
204	50
65
61	55	93	43	46	
2	4	5	6	8	
6566	9	18
57	19
66
39	22	16	2	34	
1	3	4	5	7	
6674	5	10
81	106
67
47	13	41	78	26	
1	3	4	5	6	
6914	10	20
10	261
68
3	68	89	21	25	
1	2	3	5	6	
7108	8	16
129	9
69
89	86	44	92	88	
2	4	6	8	10	
7125	8	16
197	123
70
50	30	41	68	15	
1	3	5	6	7	
7129	9	18
135	140
71
99	54	40	81	48	
2	3	4	5	7	
7552	9	18
21	15
72
53	20	65	53	27	
2	3	5	7	8	
7580	6	12
16	46
73
21	91	4	44	47	
2	4	6	8	9	
7734	9	18
212	213
74
5	5	8	25	44	
1	2	4	6	7	
7764	6	12
175	285
75
89	96	36	68	70	
1	3	5	6	7	
7785	6	12
28	189
76
33	60	70	95	55	
1	2	3	4	6	
7952	7	14
210	45
77
9	92	39	90	1	
2	4	5	6	8	
7979	5	10
22	25
78
35	50	21	71	42	
2	3	5	7	8	
8185	9	18
269	136
79
71	54	48	54	74	
1	2	4	5	6	
8218	5	10
69	286
80
46	35	74	55	100	
1	2	4	6	8	
8316	6	12
146	284
81
34	66	63	33	25	
2	3	4	5	6	
8338	10	20
236	75
82
90	76	28	95	76	
1	2	4	5	6	
8356	9	18
115	13
83
79	16	86	91	35	
1	3	4	6	7	
8425	6	12
179	240
84
74	19	98	51	13	
2	3	4	6	8	
8469	5	10
199	22
85
26	54	50	52	41	
2	4	5	6	8	
8672	8	16
69	113
86
42	67	30	61	85	
2	4	5	6	7	
8684	6	12
130	108
87
15	94	86	18	44	
2	4	6	7	9	
8760	5	10
178	284
88
10	55	28	66	55	
1	3	5	6	7	
8794	5	10
72	243
89
40	89	87	81	42	
2	3	4	6	8	
8912	8	16
257	3
275	152
127	62