90	5	4000	0
0
28	25	71	40	45	
2	3	5	7	8	
106	10	20
101	92
1
7	62	56	22	66	
1	2	4	5	7	
132	9	18
163	61
2
45	95	67	73	8	
2	3	5	7	9	
149	6	12
280	152
3
87	45	87	6	60	
1	2	3	4	5	
166	10	20
103	115
4
15	75	9	53	11	
1	2	3	4	5	
253	5	10
222	98
5
31	57	51	35	77	
1	3	5	6	7	
308	9	18
140	84
6
54	38	9	21	16	
2	4	6	7	9	
360	8	16
98	66
7
92	66	46	99	21	
1	2	4	6	8	
409	7	14
223	148
8
27	83	68	10	34	
1	3	4	6	7	
563	5	10
247	98
9
30	40	61	36	2	
1	3	4	6	8	
632	9	18
140	227
10
9	79	74	63	43	
2	3	5	7	9	
1065	10	20
90	239
11
38	48	89	36	49	
1	3	4	6	8	
1088	7	14
121	210
12
90	14	22	50	12	
2	4	6	8	9	
1256	10	20
268	69
13
10	26	91	75	81	
1	2	4	5	6	
1277	5	10
278	223
14
40	48	57	20	29	
1	3	5	6	7	
1357	5	10
140	281
15
38	78	62	53	25	
1	3	4	6	7	
1859	9	18
183	104
16
16	46	86	88	45	
1	3	4	5	7	
2064	5	10
97	300
17
47	47	10	32	25	
1	2	4	6	8	
2090	5	10
102	142
18
42	4	1	97	73	
2	4	6	7	9	
2103	7	14
60	128
19
65	49	71	24	42	
2	3	5	7	9	
2178	6	12
296	262
20
100	73	82	48	4	
1	2	3	5	6	
2257	6	12
167	66
21
46	73	73	68	26	
2	3	4	6	7	
2286	6	12
240	270
22
66	50	24	86	26	
1	2	3	5	6	
2300	5	10
109	283
23
71	80	17	21	55	
2	3	4	5	6	
2319	8	16
137	170
24
88	90	30	39	26	
1	3	5	7	9	
2320	6	12
287	240
25
41	86	68	84	99	
2	4	6	8	9	
2374	8	16
25	119
26
18	30	43	74	88	
1	3	5	7	9	
2433	9	18
97	101
27
61	28	83	79	53	
1	2	3	4	6	
2473	7	14
109	119
28
2	87	80	77	4	
1	2	4	6	7	
2513	10	20
287	145
29
43	66	34	34	86	
2	3	4	5	6	
2674	8	16
257	93
30
65	45	34	23	41	
1	3	5	7	9	
2789	9	18
97	165
31
56	58	26	79	18	
2	3	5	6	7	
2834	8	16
55	13
32
86	93	65	30	23	
2	3	4	5	7	
3118	5	10
131	12
33
6	9	31	54	1	
2	4	5	7	8	
3169	5	10
130	42
34
56	80	56	24	29	
2	4	6	7	8	
3290	5	10
163	72
35
98	24	12	39	59	
1	3	4	5	7	
3397	5	10
133	168
36
15	7	91	36	12	
1	2	4	6	7	
3444	6	12
92	272
37
4	60	21	55	49	
1	2	4	5	7	
3511	9	18
265	93
38
31	74	21	73	36	
1	2	4	6	7	
3607	9	18
44	143
39
43	15	48	74	41	
1	2	3	4	6	
3809	5	10
265	294
40
71	96	75	37	15	
1	3	5	6	7	
3854	8	16
241	182
41
92	40	50	6	46	
2	3	5	6	8	
3859	6	12
230	28
42
74	66	20	14	60	
2	4	5	6	7	
3863	9	18
268	95
43
81	32	92	50	3	
2	3	5	7	9	
4084	10	20
37	109
44
94	79	92	21	98	
2	3	4	5	7	
4138	5	10
73	43
45
38	40	21	31	89	
1	2	4	6	8	
4147	10	20
45	188
46
74	13	47	62	45	
2	3	5	6	7	
4296	5	10
244	295
47
5	90	64	53	51	
1	2	3	5	7	
4640	10	20
82	22
48
1	15	66	67	93	
2	4	5	7	8	
4705	7	14
70	43
49
6	67	66	55	33	
1	2	4	6	7	
4838	10	20
189	150
50
98	41	85	75	44	
2	3	5	7	9	
4842	8	16
58	261
51
79	81	26	41	76	
2	3	5	7	8	
5029	7	14
160	217
52
44	20	27	41	80	
2	4	5	7	8	
5142	10	20
193	169
53
99	74	83	9	55	
1	2	4	6	8	
5156	8	16
65	131
54
51	97	35	14	99	
2	4	6	8	10	
5361	9	18
140	190
55
39	98	79	88	93	
2	4	6	7	9	
5394	10	20
61	98
56
40	56	74	82	85	
2	3	5	6	7	
5407	7	14
203	177
57
94	34	94	37	41	
1	3	5	7	8	
5800	8	16
153	283
58
91	71	98	65	98	
1	2	3	4	6	
5828	10	20
174	103
59
32	10	40	15	58	
1	3	4	6	7	
5838	6	12
75	12
60
60	44	10	6	89	
1	2	4	5	7	
5851	10	20
165	69
61
78	72	9	62	36	
1	2	4	5	6	
6184	7	14
168	89
62
69	34	73	86	36	
1	3	4	5	7	
6297	7	14
211	220
63
11	18	72	1	21	
1	2	4	6	8	
6511	9	18
297	253
64
38	54	3	88	74	
1	3	4	6	7	
6556	5	10
180	34
65
85	64	64	25	29	
2	3	4	6	7	
6861	9	18
164	107
66
6	2	29	64	58	
1	3	5	7	9	
6876	7	14
218	130
67
73	16	51	71	61	
2	4	5	6	8	
6897	7	14
292	153
68
5	37	40	78	17	
1	2	3	5	7	
7081	5	10
125	150
69
11	25	63	96	47	
1	3	4	6	8	
7219	10	20
176	9
70
45	41	96	80	15	
1	3	5	6	7	
7462	6	12
116	298
71
97	84	22	13	1	
1	2	3	4	5	
7611	9	18
285	172
72
73	12	51	88	50	
1	3	5	7	9	
7649	8	16
125	224
73
6	100	21	97	51	
2	3	4	6	8	
7695	10	20
5	95
74
70	97	21	23	17	
2	4	5	6	8	
7707	9	18
291	286
75
71	79	38	2	13	
2	4	6	7	9	
7765	10	20
205	213
76
77	75	80	46	55	
2	3	5	7	8	
8008	6	12
151	169
77
25	88	98	7	91	
2	3	5	7	9	
8153	9	18
297	12
78
40	2	31	100	93	
2	3	4	6	8	
8170	9	18
46	220
79
39	43	69	73	44	
1	3	5	7	9	
8262	6	12
154	111
80
63	75	76	53	54	
1	2	4	5	6	
8311	7	14
90	278
81
81	50	57	99	77	
1	3	4	6	7	
8373	6	12
172	183
82
52	74	33	53	6	
1	2	4	6	7	
8434	8	16
279	41
83
80	11	94	67	76	
1	3	5	6	7	
8511	8	16
119	239
84
8	93	11	23	78	
1	3	4	5	6	
8597	9	18
108	233
85
38	20	15	44	93	
2	4	6	7	9	
8616	7	14
233	222
86
43	11	61	4	96	
2	4	5	7	8	
8895	10	20
256	156
87
59	55	34	55	12	
2	3	5	7	8	
8906	10	20
292	234
88
25	95	70	84	54	
2	3	4	5	6	
8927	10	20
114	41
89
10	86	32	73	33	
2	3	4	6	7	
8993	10	20
285	40
240	203
14	176