90	5	4000	10
0
14	60	64	74	70	
1	2	3	4	6	
13	9	18
193	44
1
63	54	42	46	34	
1	2	4	5	6	
214	5	10
5	129
2
75	89	92	32	5	
1	2	3	4	6	
215	5	10
283	124
3
100	65	67	61	86	
1	2	3	5	7	
306	7	14
239	293
4
57	8	64	56	95	
1	2	3	4	6	
475	8	16
223	78
5
33	59	98	3	20	
2	4	5	6	7	
501	5	10
80	103
6
52	78	79	46	54	
2	4	5	6	7	
820	10	20
254	75
7
93	25	26	9	17	
2	3	5	7	8	
832	10	20
188	300
8
54	74	38	80	47	
2	3	5	6	7	
872	10	20
59	123
9
51	31	98	6	76	
1	3	4	5	7	
1026	9	18
101	167
10
97	75	93	68	73	
2	3	5	6	8	
1285	5	10
140	184
11
24	57	22	86	75	
1	2	3	4	6	
1355	8	16
37	168
12
38	28	71	28	68	
2	4	5	6	8	
1411	5	10
61	2
13
30	80	4	33	11	
1	2	4	5	6	
1580	6	12
267	66
14
29	32	44	73	40	
2	3	5	6	8	
1591	8	16
134	1
15
27	15	66	90	46	
1	3	5	6	7	
1646	10	20
228	236
16
79	99	76	72	17	
1	3	4	6	7	
1701	7	14
226	220
17
86	85	27	24	9	
2	4	5	7	8	
1703	7	14
170	5
18
37	13	15	76	64	
1	3	5	7	8	
1763	10	20
15	146
19
80	25	43	3	14	
1	3	4	6	8	
1832	5	10
65	40
20
22	62	92	14	7	
1	3	5	6	7	
1910	5	10
183	116
21
14	77	16	51	58	
1	3	5	6	8	
2217	8	16
133	34
22
61	42	57	18	46	
2	3	4	5	6	
2324	9	18
35	211
23
76	2	20	55	20	
2	4	5	7	8	
2368	6	12
214	44
24
48	90	92	25	21	
2	3	4	6	8	
2385	9	18
14	47
25
54	97	26	95	46	
1	3	5	7	9	
2661	9	18
240	27
26
3	39	72	15	35	
2	3	5	6	7	
2736	5	10
264	185
27
31	38	51	3	1	
1	3	5	6	7	
3009	7	14
80	137
28
39	74	89	35	12	
2	4	5	6	7	
3025	9	18
288	31
29
1	42	67	92	81	
1	2	3	4	5	
3059	6	12
78	131
30
78	49	56	83	61	
1	3	5	6	7	
3331	6	12
269	118
31
68	74	76	9	26	
2	3	4	6	7	
3337	9	18
74	53
32
52	72	56	57	71	
1	3	4	6	7	
3577	10	20
141	158
33
46	57	42	23	88	
2	4	6	8	9	
3764	10	20
262	196
34
43	89	37	11	93	
2	3	4	6	8	
3788	7	14
52	49
35
43	72	44	23	41	
1	2	4	5	6	
3977	8	16
82	219
36
51	71	36	43	27	
2	4	6	7	8	
3995	10	20
115	72
37
8	77	22	65	77	
1	2	3	5	7	
4009	5	10
102	254
38
88	93	95	94	37	
2	3	5	6	8	
4102	5	10
185	141
39
55	65	3	98	19	
2	4	6	7	8	
4265	6	12
136	7
40
6	24	9	94	4	
2	4	5	7	9	
4749	8	16
73	179
41
13	88	42	62	5	
1	3	4	5	7	
4793	8	16
106	249
42
3	66	37	88	18	
2	4	5	7	9	
4807	6	12
69	212
43
77	59	81	15	32	
1	2	4	6	8	
4831	5	10
213	121
44
67	47	48	50	96	
1	3	4	5	6	
4998	5	10
73	254
45
77	89	60	67	32	
2	3	5	7	9	
5008	8	16
198	86
46
17	1	28	54	58	
2	3	4	5	7	
5028	6	12
110	285
47
94	96	47	11	72	
2	3	5	6	7	
5244	8	16
36	69
48
18	18	81	36	80	
2	3	5	7	9	
5655	7	14
96	222
49
30	82	46	52	21	
2	4	6	8	9	
5661	9	18
288	64
50
100	50	67	85	49	
1	2	3	5	7	
5770	9	18
297	146
51
9	83	59	6	17	
1	2	3	4	6	
5920	9	18
197	78
52
53	29	7	14	30	
2	3	4	6	7	
6117	9	18
149	289
53
10	86	27	92	71	
2	4	5	6	8	
6159	9	18
298	177
54
59	4	31	41	18	
1	3	5	6	7	
6365	8	16
162	41
55
66	50	83	36	76	
2	4	6	8	10	
6371	10	20
289	44
56
35	53	2	83	46	
1	2	4	6	7	
6477	10	20
184	292
57
81	78	58	23	92	
2	3	5	7	9	
6540	5	10
30	257
58
83	74	99	55	94	
1	2	4	6	8	
6700	5	10
298	140
59
69	47	76	90	30	
2	3	4	5	7	
6707	7	14
300	24
60
25	98	41	90	14	
1	3	5	7	8	
6735	7	14
197	248
61
6	88	80	57	99	
1	2	3	4	6	
6761	5	10
70	113
62
55	15	97	61	70	
2	4	6	8	10	
6837	5	10
63	237
63
4	99	70	38	84	
1	3	5	7	9	
6846	7	14
147	192
64
33	84	52	15	28	
2	3	5	6	8	
6897	7	14
50	11
65
67	92	19	27	49	
2	3	5	6	8	
6908	6	12
67	269
66
17	62	12	19	56	
1	3	5	7	9	
6943	8	16
89	103
67
45	9	22	7	98	
2	4	6	7	9	
6977	6	12
294	18
68
51	10	19	70	27	
2	4	5	7	8	
7157	5	10
267	51
69
61	6	60	29	45	
2	4	5	7	9	
7186	9	18
114	287
70
27	27	64	6	44	
1	3	5	7	8	
7475	7	14
84	84
71
63	35	68	6	17	
2	4	6	8	10	
7479	6	12
164	74
72
14	99	94	80	68	
1	2	3	5	7	
7569	7	14
79	29
73
76	67	37	26	41	
1	2	3	4	5	
7574	9	18
263	72
74
97	34	18	9	69	
1	2	4	5	7	
7751	10	20
275	166
75
87	26	52	85	73	
2	4	5	6	7	
7772	8	16
245	7
76
91	95	37	1	38	
2	3	5	7	8	
7860	8	16
277	36
77
16	41	24	66	55	
1	3	4	6	8	
7898	10	20
102	238
78
14	64	90	72	83	
1	2	4	5	7	
8010	9	18
207	45
79
40	100	58	33	42	
1	2	3	4	6	
8096	10	20
215	127
80
74	57	53	26	52	
1	2	3	4	5	
8166	10	20
104	232
81
79	81	90	22	94	
2	3	4	5	6	
8204	5	10
184	83
82
65	9	19	33	86	
1	3	4	5	7	
8234	5	10
218	160
83
27	19	36	45	53	
2	4	5	7	8	
8357	5	10
273	13
84
91	7	36	73	93	
2	4	5	6	7	
8558	7	14
132	67
85
17	21	97	52	17	
1	3	4	5	7	
8583	6	12
94	91
86
81	59	42	55	88	
1	2	4	5	6	
8690	6	12
53	145
87
74	34	39	61	29	
2	3	4	5	7	
8720	9	18
125	256
88
92	85	46	20	36	
2	3	5	6	7	
8846	7	14
118	105
89
84	1	71	64	38	
1	2	4	6	7	
8873	8	16
233	277
237	139
67	27